0 0.6639299392700195 0.5714502334594727 0.078125 0.10796623229980469
0 0.8626988410949707 0.7397359371185303 0.047372055053710935 0.10541305541992188
0 0.20165929198265076 0.3653068423271179 0.07780576944351196 0.12680037021636964
0 0.925870418548584 0.1823935925960541 0.04754714965820313 0.08972636461257935
0 0.5409832954406738 0.15303661823272705 0.05962581634521484 0.10410838127136231
0 0.6098249435424805 0.6713786125183105 0.07537631988525391 0.12069597244262695
0 0.443045685404823 0.28728892096766717 0.05722232319059825 0.10698524934274174
0 0.642959451675415 0.23594534397125244 0.07058153152465821 0.10425820350646972
0 0.6027192592620849 0.7492004871368408 0.07974033355712891 0.10505189895629882
0 0.905380397420507 0.6333001615764859 0.06011007602985669 0.11519892175157022
0 0.2628640155653815 0.34495869477589924 0.08137907597634411 0.10658405621846517
0 0.3596528934423255 0.27685208982891507 0.07066160699047107 0.10925973521338564
0 0.42193959951400756 0.4151710033416748 0.07540104389190674 0.10553836822509766
0 0.5351315975189209 0.5923503398895263 0.05957717895507812 0.1046687126159668
0 0.3842207431793213 0.4599696159362793 0.10092172622680665 0.08366680145263672
0 0.5080059051513672 0.6247679233551026 0.05218658447265625 0.10269441604614257
0 0.9564375877380371 0.02285906970500946 0.026294517517089843 0.04571813941001892
0 0.443035888671875 0.18311667442321777 0.057764530181884766 0.07429270744323731
0 0.6573847770690918 0.2123243808746338 0.049092578887939456 0.11138639450073243
0 0.21033533533533538 0.7202202202202203 0.10885885885885885 0.12637637637637636
0 0.9104104104104104 0.5844594594594595 0.0625625625625627 0.12012012012012008
0 0.27227227227227235 0.30230230230230226 0.08008008008008005 0.11636636636636637
0 0.42104828042328046 0.2623181216931217 0.05456349206349203 0.10664682539682538
0 0.44047619047619047 0.23503637566137567 0.058697089947089914 0.09672619047619041
0 0.36400462962962965 0.20610119047619052 0.08267195767195766 0.10003306878306878
0 0.30489417989417994 0.18667328042328046 0.052083333333333336 0.09755291005291006
0 0.3214285714285714 0.1713789682539683 0.04216269841269841 0.08680555555555552
