0 0.7828398704528808 0.17048449516296388 0.05988025665283203 0.09130043983459472
0 0.6845203876495362 0.6947557926177979 0.06827878952026367 0.09898872375488281
0 0.49425530433654785 0.5126249313354492 0.08332357406616211 0.11864137649536133
0 0.7523673057556153 0.5795022010803222 0.06386232376098633 0.11695022583007812
0 0.4225002288818359 0.17095406651496886 0.06362180709838867 0.0987326979637146
0 0.4688115119934082 0.6056629180908203 0.09798240661621094 0.10705366134643554
0 0.48528451919555665 0.2485218346118927 0.06610622406005859 0.10940126180648804
0 0.778316593170166 0.5320943832397461 0.05333976745605469 0.13065700531005858
0 0.4365739345550537 0.6902732849121094 0.09024667739868164 0.11445598602294922
0 0.09205386340618134 0.4630887508392334 0.1112112581729889 0.08928184509277344
0 0.13149162530899047 0.27279689311981203 0.08700509071350097 0.10580983161926269
0 0.07325885146856308 0.3312519550323486 0.09902565777301789 0.12769536972045897
0 0.9074262619018555 0.7281634330749511 0.06002254486083984 0.1095205307006836
0 0.3026662111282349 0.30318617820739746 0.07845511436462402 0.11038794517517089
0 0.9077982902526855 0.7275858879089355 0.05898151397705078 0.10928840637207031
0 0.40643163919448855 0.5316200256347656 0.060459303855896 0.0796635627746582
0 0.17121312929696159 0.23490389016547575 0.06542470614326903 0.10631254857224674
0 0.12463637590408325 0.31845593452453613 0.10880479812622071 0.1281900405883789
0 0.30796514933800373 0.2651918385451319 0.07579735712350455 0.1058993124861389
0 0.23302571773529052 0.2739908218383789 0.07115988731384278 0.10252227783203124
0 0.9137755393981933 0.05195702761411667 0.03031463623046875 0.08686138689517975
0 0.38215911388397217 0.5681257724761963 0.05699200630187988 0.1004323959350586
0 0.17467467467467473 0.4259221689717787 0.09259259259259259 0.10936687326765406
0 0.5083240509033203 0.21659440994262696 0.047888755798339844 0.09564208984375
0 0.10648148148148154 0.6388888888888888 0.10135135135135137 0.11636636636636642
0 0.3175870481259703 0.24661787536039034 0.06986027944111778 0.100909292526059
0 0.3231315147482812 0.2139055222887558 0.08316699933466404 0.09869150587713467
0 0.16982701264138386 0.1944998891106675 0.05267243291195387 0.07762253271235306
0 0.21667775559991126 0.1872920825016633 0.07318695941450433 0.08649367930805056
0 0.21541394335511987 0.24383850762527234 0.05514705882352942 0.07250816993464053
