0 0.6342869758605957 0.16825798749923707 0.06360816955566406 0.09914882183074951
0 0.32746951580047606 0.4422668099403381 0.09682860374450683 0.10230252742767335
0 0.5173030853271484 0.6506007671356201 0.07216577529907227 0.109320068359375
0 0.6634408473968506 0.48857994079589845 0.07900304794311523 0.12471342086791992
0 0.332615327835083 0.25663027763366697 0.07651138305664062 0.10197572708129883
0 0.6221034526824951 0.5227174282073974 0.058797264099121095 0.1208108901977539
0 0.8441916465759277 0.953840684890747 0.07332019805908203 0.09231863021850586
0 0.7585618019104003 0.6675130367279053 0.05208520889282227 0.10956821441650391
0 0.20158421397209167 0.23537356853485109 0.0797613263130188 0.10994243621826172
0 0.2918453931808472 0.6283389568328858 0.1154289722442627 0.10612688064575196
0 0.6110090475363156 0.7859196978982924 0.10924506563293525 0.09510625239677463
0 0.3199510997630025 0.5666935170138324 0.10012629050248487 0.11067754337024603
0 0.16939248395453316 0.3005937980509353 0.08251132838722997 0.11225429406415761
0 0.35839507579803465 0.21203718781471254 0.05850162506103516 0.07909821271896363
0 0.021780937165021896 0.25895123481750487 0.04339839369058609 0.11840939521789551
0 0.09133010796660207 0.27945592108052963 0.06596825122833248 0.11176328659057617
0 0.8375660287235763 0.11222589125773619 0.0430540774056487 0.09368686895651242
0 0.2775564590184211 0.17978469953011694 0.06674634633693717 0.09841080456830612
0 0.2524928774928774 0.5383428300094967 0.07597340930674264 0.10327635327635329
0 0.28632478632478625 0.5151946818613484 0.0985280151946819 0.10208926875593544
0 0.025344254510921167 0.5932692307692308 0.05068850902184233 0.08839031339031338
0 0.2006704980842912 0.21184546615581096 0.08061941251596426 0.10296934865900383
0 0.17113665389527458 0.25854086845466157 0.09339080459770117 0.10217113665389527
0 0.10408684546615579 0.24417305236270753 0.05348020434227331 0.07662835249042148
0 0.1060823754789272 0.22581417624521072 0.052681992337164765 0.07982120051085567
0 0.08892081736909323 0.18151340996168583 0.05986590038314177 0.08221583652618134
0 0.04980842911877393 0.19667943805874838 0.06625159642401023 0.09977650063856963
0 0.028670236501561853 0.25992860330209727 0.05577867023650153 0.10932619366354304
