0 0.4925514221191406 0.18704750537872314 0.06177845001220703 0.0923314094543457
0 0.742428207397461 0.1348390907049179 0.06383581161499023 0.11194203495979309
0 0.5236711978912354 0.4845003128051758 0.07672948837280273 0.11346054077148438
0 0.37255393266677855 0.5983648300170898 0.07988126277923584 0.10139951705932618
0 0.5538237571716309 0.45151610374450685 0.05930671691894531 0.12003698348999023
0 0.9253043174743653 0.5547694683074951 0.06233539581298828 0.11194391250610351
0 0.17153840661048889 0.3906296968460083 0.07349504232406616 0.11224837303161621
0 0.04737489223480225 0.286358380317688 0.09396817684173583 0.13428244590759278
0 0.6413834095001221 0.6157290935516357 0.07101020812988282 0.110888671875
0 0.2064518451690674 0.26623919010162356 0.06559977531433106 0.09639620780944824
0 0.20558512210845947 0.5621101379394531 0.08687224388122558 0.11761980056762696
0 0.6268798351287842 0.8432040929794311 0.07862701416015624 0.09675335884094238
0 0.9852296829223632 0.1713068187236786 0.029540634155273436 0.10565057992935181
0 0.11854608058929443 0.6333817958831787 0.12005808353424072 0.11624679565429688
0 0.15198748294615558 0.5404108906153184 0.07715690695746387 0.1030116872743647
0 0.2487102746963501 0.22639329433441163 0.07811107635498046 0.1006155014038086
0 0.09617827479820594 0.20303398561397384 0.07058326115645677 0.11581755065757417
0 0.16114290952682495 0.19754471778869628 0.06110997200012207 0.09196391105651855
0 0.13334685050013523 0.4989862124898622 0.07637199243038659 0.08988915923222489
0 0.14855366315220334 0.4800621789672885 0.06353068396864019 0.09259259259259259
0 0.07398054620276845 0.23335203890759446 0.0897867564534231 0.10755705200149646
0 0.0406752712308268 0.251589973812196 0.08136924803591469 0.11597456041900488
