0 0.46643457412719724 0.4117540240287781 0.0801992416381836 0.1340876817703247
0 0.22064462304115295 0.5500718593597412 0.0877315878868103 0.10600996017456055
0 0.420575749874115 0.4421694278717041 0.06718380451202392 0.11723976135253907
0 0.8238019943237305 0.18905142545700074 0.03550930023193359 0.0971559762954712
0 0.8002645254135132 0.49140682220458987 0.062070703506469725 0.10784006118774414
0 0.6131511211395264 0.14728161990642546 0.048432350158691406 0.10296078324317932
0 0.3380445003509521 0.19250018000602723 0.058277225494384764 0.09291387796401977
0 0.043559683859348296 0.3338911771774292 0.08603441417217254 0.11240177154541016
0 0.5114314556121826 0.552759313583374 0.05486650466918945 0.10565662384033203
0 0.9612215042114258 0.9532402038574219 0.06712379455566406 0.09170169830322265
0 0.43900251388549805 0.7299596786499023 0.1001814842224121 0.09724397659301758
0 0.09537308056791269 0.5363470638120498 0.11856314817348405 0.10647791140788299
0 0.07429885119199753 0.24850914478302003 0.08102742731571197 0.10320873260498047
0 0.8401235580444336 0.9851140022277832 0.060739898681640626 0.02965545654296875
0 0.11321185827255249 0.22534797191619874 0.08701386451721191 0.110927152633667
0 0.0301338552533685 0.4721171558082282 0.06056801080703735 0.09112596511840815
0 0.09834834834834838 0.5081331331331332 0.0975975975975976 0.11261261261261271
0 0.06143643643643647 0.4524524524524525 0.10635635635635633 0.1138638638638639
0 0.04579579579579584 0.18593593593593596 0.08508508508508512 0.10135135135135137
