0 0.442814302444458 0.3690276861190796 0.06623897552490235 0.1147432804107666
0 0.48343596458435056 0.7588367462158203 0.07310409545898437 0.1254261016845703
0 0.32926044464111326 0.7858431816101075 0.09902372360229492 0.12905139923095704
0 0.28572157352894273 0.20517050743819 0.08946116507590356 0.11229296682833191
0 0.11092467308044433 0.24789876937866212 0.05139479637145996 0.1053492546081543
0 0.6686818599700928 0.7552114009857178 0.0907160758972168 0.11423883438110352
0 0.42992324829101564 0.8500617980957031 0.11906309127807617 0.11094741821289063
0 0.6110275268554688 0.7864548683166503 0.08245315551757812 0.12403354644775391
0 0.1304824471473694 0.43493242263793946 0.09593446254730224 0.10760412216186524
0 0.5832281112670898 0.7167343616485595 0.06241903305053711 0.12246580123901367
0 0.03162795901298523 0.4662184715270996 0.06325591802597046 0.08824834823608399
0 0.15027893781661988 0.2550036430358887 0.05223062038421631 0.07425007820129395
0 0.20602193474769592 0.18349536061286925 0.06850508451461793 0.09812978506088257
0 0.19281781781781787 0.3104354354354355 0.08883883883883888 0.11511511511511512
