0 0.3857789158821106 0.35260491371154784 0.09090640544891357 0.10853300094604493
0 0.15669889450073243 0.29346270561218263 0.09354491233825683 0.11847686767578125
0 0.41595458984375 0.7285686016082764 0.08615274429321289 0.11924953460693359
0 0.11555377244949341 0.3281256198883057 0.08283724784851074 0.1211996078491211
0 0.2280068576335907 0.26469156742095945 0.07768760919570923 0.10257220268249512
0 0.5244150638580323 0.751189112663269 0.08195962905883789 0.12631325721740722
0 0.2540476322174072 0.7436797857284546 0.1098792552947998 0.1173698902130127
0 0.5797268867492675 0.729260778427124 0.06998014450073242 0.11512727737426758
0 0.3438899993896484 0.7998641490936279 0.09217581748962403 0.10729608535766602
0 0.04983012527227402 0.43199706077575684 0.0915308028459549 0.10498600006103516
0 0.17699365615844725 0.23294479846954347 0.04484438896179199 0.07580351829528809
0 0.11945453807040375 0.18644813895225526 0.06228570938110352 0.09788638353347778
0 0.9835547429543955 0.15546496245596145 0.03103866223935728 0.11129229731029934
0 0.5009398460388184 0.6831158638000489 0.059899520874023435 0.09064407348632812
0 0.17592592592592596 0.21033533533533535 0.07257257257257257 0.10510510510510514
0 0.9897772772772774 0.20571821821821823 0.018593593593593555 0.10337837837837835
