0 0.3285358905792236 0.33067095279693604 0.0771568775177002 0.10823025703430175
0 0.1833513557910919 0.7007994651794434 0.0955034613609314 0.13162775039672853
0 0.9562084197998046 0.23823235630989076 0.044243812561035156 0.09948867559432983
0 0.07263103723526002 0.31770954132080076 0.10275843143463134 0.11967687606811524
0 0.2734730958938599 0.769803810119629 0.10275163650512695 0.12025375366210937
0 0.4473287582397461 0.7241873741149902 0.0845062255859375 0.12972354888916016
0 0.49735026359558104 0.7098278522491455 0.09408779144287109 0.1309361457824707
0 0.28132531642913816 0.24618451595306395 0.05616240501403809 0.08389902114868164
0 0.01913279518485069 0.4303553462028503 0.036816783249378204 0.07845938205718994
0 0.35808072090148924 0.6833491802215577 0.07013235092163086 0.1023015022277832
0 0.10065527470620189 0.2823857349437756 0.08719643529828958 0.12658328169936292
0 0.2568240228238646 0.23299052612678903 0.05168608368576699 0.10286793914046491
0 0.9250454902648926 0.16538527607917786 0.036524391174316405 0.08861817121505737
0 0.4430680680680681 0.6614114114114115 0.07632632632632634 0.09884884884884887
0 0.06268768768768772 0.20970970970970973 0.07882882882882886 0.11636636636636634
0 0.06581581581581586 0.1753003003003003 0.10010010010010006 0.10760760760760761
