0 0.280397891998291 0.31986093521118164 0.08384408950805664 0.11147775650024414
0 0.8635128021240235 0.15691754817962647 0.05296478271484375 0.10260968208312989
0 0.04251394182652448 0.30462355257512574 0.08664378801862282 0.10171385581070953
0 0.3880966305732727 0.6881744384765625 0.09119603633880616 0.13031530380249023
0 0.37722148895263674 0.6149924755096435 0.07086591720581055 0.08969697952270508
0 0.9340106964111328 0.26594009399414065 0.045429229736328125 0.10188384056091308
0 0.3254512548446655 0.23299481868743896 0.045749855041503903 0.09949512481689453
0 0.3593100905418396 0.2608471393585205 0.08589088916778564 0.09403152465820312
0 0.1378954380750656 0.6745661735534668 0.1328209936618805 0.15870304107666017
0 0.20029223923449285 0.7267662173634893 0.09628017416468129 0.11944835064289437
0 0.3111300230026245 0.6545435905456543 0.08095688819885254 0.11607189178466797
0 0.9750092697811796 0.22586553183881133 0.04161013115395054 0.0990697371231782
0 0.4369744896888733 0.6734158039093018 0.08999698162078858 0.1035506248474121
0 0.9473223223223223 0.19031531531531534 0.038788788788788775 0.10260260260260262
0 0.0645645645645646 0.2766516516516517 0.09759759759759756 0.1251251251251251
0 0.06206206206206209 0.2391141141141141 0.07507507507507509 0.10760760760760758
