0 0.16615772247314453 0.2998875379562378 0.09399499893188476 0.10748696327209473
0 0.10479061901569367 0.41086430549621583 0.10741810202598571 0.12264633178710938
0 0.8193535284237102 0.21998691049901334 0.04697862883826508 0.10582197479776911
0 0.7411248207092285 0.1384437471628189 0.054370689392089847 0.1175736129283905
0 0.8845959663391113 0.3310060977935791 0.04107246398925781 0.09535508155822754
0 0.28038554191589354 0.24532323479652404 0.06738238334655762 0.09522298574447632
0 0.31864047050476074 0.6098453044891358 0.08381166458129882 0.12979650497436523
0 0.9690054893493653 0.738944149017334 0.05998306274414063 0.11601591110229492
0 0.018193193193193218 0.2849753716567138 0.037687687687687745 0.08595516259247833
0 0.9414516448974609 0.8245525121688843 0.06804695129394531 0.11992802619934081
0 0.28458880851934626 0.626236723612498 0.09298454512346979 0.11914817439662573
0 0.0342455118894577 0.588822603225708 0.0684910237789154 0.10029268264770508
0 0.4509100914001465 0.21696752905845643 0.03640737533569336 0.07949362993240357
0 0.20673768520355223 0.6055995464324951 0.08157448768615723 0.11157894134521484
0 0.4792638301849365 0.25002331733703614 0.044228744506835935 0.09195623397827149
0 0.10065982639789581 0.6401129245758057 0.11424607634544373 0.10764713287353515
0 0.25412912912912916 0.5838338338338339 0.08883883883883884 0.12387387387387384
0 0.8184434434434433 0.1921921921921922 0.038788788788788775 0.10885885885885885
0 0.021021021021021054 0.2408533533533534 0.04204204204204211 0.08911411411411416
