0 0.7527011871337891 0.19366099834442138 0.06462135314941406 0.11936788558959961
0 0.19773318767547607 0.3880015969276428 0.07832779884338378 0.11580712795257568
0 0.39124183654785155 0.23194122314453125 0.0711338996887207 0.1046717643737793
0 0.8708059310913085 0.3525223731994629 0.040691184997558597 0.10194368362426758
0 0.10596956014633178 0.29795429706573484 0.08626952171325683 0.11388349533081055
0 0.10297084748744964 0.2177747905254364 0.069215327501297 0.0912941575050354
0 0.2733155250549316 0.584574556350708 0.08808598518371583 0.11015119552612304
0 0.6844670295715332 0.135405969619751 0.041032028198242185 0.09385223388671875
0 0.540694284439087 0.24219348430633544 0.07672929763793945 0.10947413444519043
0 0.8972614288330079 0.7147536277770996 0.05873374938964844 0.12935867309570312
0 0.21764957904815674 0.5863531112670899 0.08791108131408691 0.15535831451416016
0 0.8573923110961914 0.7807611942291259 0.07083053588867187 0.13901910781860352
0 0.5200536727905274 0.22273924350738525 0.04484291076660156 0.09773736000061035
0 0.1507641464471817 0.5929233074188233 0.10922476649284363 0.12583284378051757
0 0.04377459436655044 0.6091862678527832 0.08578438460826873 0.11355667114257813
