0 0.3081728458404541 0.367067289352417 0.07725763320922852 0.10982074737548828
0 0.055342139303684236 0.2871769666671753 0.09417469203472137 0.11614780426025391
0 0.8706663131713868 0.3542342782020569 0.04104347229003906 0.09529263973236084
0 0.4945882797241211 0.21824896931648255 0.0673720359802246 0.09667853116989136
0 0.1983069121837616 0.2213796854019165 0.07249513864517212 0.09720163345336914
0 0.6837464567896602 0.19358665656757068 0.05042500433859758 0.10356742760559938
0 0.6268306732177734 0.1347646325826645 0.047196483612060545 0.10202649235725403
0 0.7885847806930542 0.7129575729370117 0.07528290748596192 0.13130369186401367
0 0.02114149257540703 0.5873118877410889 0.04189014583826065 0.09145231246948242
0 0.6080726623535156 0.2557744026184082 0.039929962158203124 0.09994406700134277
0 0.20122558846249353 0.5880638144992374 0.13925976753234864 0.11658306121826172
0 0.5827784538269043 0.22725505232810975 0.04452943801879883 0.0997057557106018
0 0.14247164726257325 0.5236986637115478 0.06582159996032715 0.07781448364257812
0 0.9889440536499023 0.1817508578300476 0.022111892700195312 0.09219849109649658
0 0.8168648958206177 0.6871606826782226 0.048353719711303714 0.11401824951171875
0 0.683933933933934 0.17154654654654655 0.03753753753753762 0.10760760760760757
0 0.10898398398398401 0.5694444444444445 0.12137137137137138 0.10510510510510514
0 0.23473473473473477 0.5650650650650653 0.10760760760760754 0.1113613613613614
