0 0.2635471820831299 0.4026497840881348 0.0754849910736084 0.11080617904663086
0 0.8676092147827148 0.35817118883132937 0.04372692108154297 0.0922173261642456
0 0.06934602174672996 0.24088199673233565 0.09053718573576935 0.11908685738617956
0 0.1817188262939453 0.5167066097259522 0.08223857879638671 0.11392669677734375
0 0.09806734621524811 0.5729629039764405 0.10471264719963073 0.12531299591064454
0 0.5015003204345703 0.45481053590774534 0.06308546066284179 0.11643359661102295
0 0.6243142127990723 0.6889327049255372 0.07176427841186524 0.12715463638305663
0 0.9461982727050782 0.21751198768615723 0.03299903869628906 0.09418749809265137
0 0.2094350814819336 0.4274857997894287 0.07995080947875977 0.11783008575439453
0 0.27920610904693605 0.20915115475654603 0.04244608879089355 0.09549764394760132
0 0.1576846718788147 0.18959301710128784 0.053577303886413574 0.10182492733001709
0 0.8746328353881836 0.8530133247375489 0.07241039276123047 0.10338420867919922
0 0.9008622989998207 0.9752377377377377 0.07099386726891066 0.05082582582582581
0 0.10397897897897902 0.2284784784784785 0.09384384384384385 0.10135135135135134
0 0.9561811811811811 0.9531781781781783 0.07652652652652663 0.09179179179179175
0 0.5769519519519519 0.7364864864864865 0.05630630630630633 0.12637637637637644
