0 0.14085190296173095 0.7182760238647461 0.10899229049682617 0.13335561752319336
0 0.8664600372314453 0.3562222719192505 0.044522666931152345 0.0956458568572998
0 0.13256397247314453 0.25270986557006836 0.06494104862213135 0.10434951782226562
0 0.3610689043998718 0.5292359352111816 0.08800938129425048 0.1291041374206543
0 0.2006990432739258 0.6663347244262695 0.09086117744445801 0.11746940612792969
0 0.31735475063323976 0.5589450836181641 0.07768692970275878 0.13031387329101562
0 0.9705136299133301 0.9705756187438965 0.057872962951660153 0.05785980224609375
0 0.19178786277770996 0.35719958543777464 0.10370545387268067 0.12068431377410889
0 0.036800573266542964 0.3405383752034353 0.07304550011356079 0.10024591957603966
0 0.9708822250366211 0.2419552743434906 0.054050254821777347 0.09785290956497192
0 0.47650896643733115 0.8608371074731883 0.07564055549728495 0.12792538465322328
0 0.9124844551086426 0.1788837194442749 0.04896678924560547 0.10369057655334472
0 0.6258356094360351 0.8654476165771484 0.0822178840637207 0.1329061508178711
0 0.5551661491394043 0.6872083187103272 0.07246580123901367 0.10765047073364258
0 0.5751753330230713 0.7759288072586059 0.08738288879394532 0.11844325065612793
0 0.4924924924924925 0.8265765765765767 0.09759759759759756 0.1363863863863864
0 0.05643143143143148 0.3235735735735736 0.09884884884884887 0.11636636636636637
0 0.9479479479479479 0.19344344344344347 0.04254254254254243 0.11136136136136135
