0 0.929163932800293 0.25831289291381837 0.04350547790527344 0.11244306564331055
0 0.22840301394462587 0.2389707088470459 0.07647939920425414 0.10983572006225586
0 0.8968104362487793 0.20584218502044677 0.0454071044921875 0.11454935073852539
0 0.8630208969116211 0.35366042852401736 0.04355182647705078 0.09710724353790283
0 0.2994420051574707 0.48635129928588866 0.08984947204589844 0.11485176086425782
0 0.8556679725646973 0.17722567319869995 0.04255619049072266 0.10701000690460205
0 0.42379940748214723 0.7980772972106933 0.08989183902740479 0.14090538024902344
0 0.5375471591949463 0.8126956701278687 0.10012197494506836 0.15176758766174317
0 0.22418100833892823 0.7557026386260987 0.10771012306213379 0.1170924186706543
0 0.2610381841659546 0.7272685050964356 0.08026371002197266 0.13368330001831055
0 0.13729442656040192 0.3262906074523926 0.08174979090690612 0.11659698486328125
0 0.26015300750732423 0.5269765853881836 0.0889357566833496 0.1242905616760254
0 0.9032454490661621 0.9523768424987793 0.07600898742675781 0.09252262115478516
0 0.024600134789943696 0.30372052192687987 0.04920026957988739 0.09302973747253418
0 0.4855499744415283 0.642885160446167 0.07107648849487305 0.10156221389770508
0 0.4466380476951599 0.770675802230835 0.0995586633682251 0.15889196395874022
0 0.8435754776000977 0.9736798286437989 0.06647739410400391 0.051585960388183597
0 0.8467204102524766 0.9724099099099099 0.0723249452608126 0.05518018018018006
0 0.48576507568359373 0.7487329244613647 0.07608013153076172 0.13584256172180176
