0 0.8719810485839844 0.3344103813171387 0.07257919311523438 0.1104623794555664
0 0.17870843410491943 0.28962466716766355 0.08229541778564453 0.11758651733398437
0 0.5881438255310059 0.41255816221237185 0.059308528900146484 0.11010429859161378
0 0.22767228484153748 0.25814363956451414 0.088821280002594 0.1164525032043457
0 0.303872275352478 0.3512816309928894 0.06061997413635254 0.10966122150421143
0 0.6421520233154296 0.24428062438964843 0.042323875427246097 0.11462297439575195
0 0.3413010835647583 0.7488604068756104 0.07807211875915528 0.1273961067199707
0 0.34313578336413736 0.4962683691005388 0.08860134539953932 0.11417798729330718
0 0.9785887241363526 0.43130125999450686 0.04282255172729492 0.09764299392700196
0 0.36801830530166624 0.22546777725219727 0.07373425960540772 0.11255345344543458
0 0.8236856460571289 0.25589537620544434 0.03902873992919922 0.10116333961486816
0 0.24530558586120604 0.5494194507598877 0.08557658195495606 0.11714935302734375
0 0.22216262817382812 0.5880062103271484 0.09408578872680665 0.1122288703918457
0 0.9733128547668457 0.18510650396347045 0.03405437469482422 0.09796979427337646
0 0.23121790885925292 0.6930139064788818 0.10991630554199219 0.1095728874206543
0 0.29969253540039065 0.7712093353271484 0.08069381713867188 0.11049232482910157
0 0.8437488555908204 0.17666294574737548 0.03731040954589844 0.09586329460144043
0 0.37648854198538917 0.2016972078909974 0.05798797721696579 0.09874663074205303
0 0.6928202629089355 0.21625888347625732 0.04518251419067383 0.08983821868896484
0 0.36837327523602026 0.47185911401597674 0.08714596949891062 0.12164124909222948
0 0.67992992992993 0.20020020020020018 0.0325325325325325 0.09609609609609607
0 0.841091091091091 0.18543543543543542 0.03153153153153154 0.09559559559559558
0 0.8218218218218217 0.23648648648648649 0.03403403403403405 0.10860860860860863
0 0.834084084084084 0.18493493493493493 0.04454454454454456 0.09559559559559558
