0 0.6789095878601075 0.33555312156677247 0.04225082397460937 0.11014199256896973
0 0.4181418061256409 0.6991973400115967 0.07405908107757568 0.11126728057861328
0 0.21863884925842286 0.44206552505493163 0.0888899803161621 0.12839174270629883
0 0.8562830924987793 0.19676512479782104 0.03601703643798828 0.0938265562057495
0 0.541429090499878 0.24939575791358948 0.05268259048461914 0.10897148847579956
0 0.7839334964752197 0.3781979322433472 0.04520139694213867 0.11212697029113769
0 0.14372639656066893 0.28543891906738283 0.09324400424957276 0.1392348289489746
0 0.23838706612586974 0.22677030563354492 0.09092081785202026 0.11064014434814454
0 0.0743285059928894 0.5979497909545899 0.12099876403808593 0.12008886337280274
0 0.15282562233152844 0.548206937095826 0.09911066009884785 0.11463844797178134
0 0.9798829555511475 0.430010986328125 0.04023408889770508 0.10038223266601562
0 0.47712345123291017 0.8090248107910156 0.07861099243164063 0.11651020050048828
0 0.4469670295715332 0.8340452194213868 0.08628320693969727 0.12477893829345703
0 0.2643601097127117 0.3980947593602624 0.08768189697669289 0.1503125388926439
0 0.5949479103088379 0.22601656317710878 0.040639209747314456 0.08703685998916626
0 0.7130838871002197 0.2731636047363281 0.04609737396240234 0.1014930248260498
0 0.12403237819671631 0.31457154750823973 0.0741577386856079 0.10403752326965332
0 0.6957696557326801 0.2433668306721206 0.04515275955200195 0.09011733531951907
0 0.01972804069519043 0.5539697647094727 0.03945608139038086 0.08782596588134765
0 0.2689528230496675 0.3784488647562977 0.09025425983834864 0.05730925214634021
0 0.24989478114478114 0.20359848484848483 0.07260101010101007 0.10416666666666667
0 0.5897516835016836 0.20517676767676765 0.0536616161616161 0.10101010101010101
0 0.18033509700176364 0.51440329218107 0.09994121105232218 0.10582010582010576
0 0.7153762805358549 0.2240937746256895 0.04580378250591018 0.09456264775413711
0 0.7104511426319936 0.18124507486209615 0.03595350669818755 0.09357762017336484
0 0.7173463356973995 0.15563435776201734 0.042848699763593415 0.07880220646178093
0 0.7207939322301024 0.15415681639085893 0.0379235618597321 0.08372734436564222
