0 0.6201595306396485 0.9544623374938965 0.06288156509399415 0.09107532501220703
0 0.7644805192947388 0.9040846824645996 0.08372282981872559 0.13303985595703124
0 0.1456854789568905 0.3003037997941931 0.09094901698551097 0.10482700887108655
0 0.7312239646911621 0.7676333427429199 0.061437034606933595 0.0995065689086914
0 0.7388427257537842 0.698976993560791 0.04947586059570312 0.10618009567260742
0 0.43005348443984986 0.20497505664825438 0.06298263072967529 0.09013876914978028
0 0.9797760009765625 0.4289361000061035 0.04011993408203125 0.10086078643798828
0 0.19190290570259094 0.25431480407714846 0.07621873617172241 0.11448469161987304
0 0.2832713142281902 0.31564085477403336 0.07222905461910013 0.09447908413784636
0 0.04072596877813339 0.25804202556610106 0.07937650978565217 0.10370736122131348
0 0.06153746843338013 0.24111106395721435 0.07407385110855103 0.10157909393310546
0 0.2695733708391936 0.20933331965953045 0.05508673230192219 0.08463007110527748
0 0.15324660103141113 0.2833450539146741 0.076769807782466 0.10021097046413503
0 0.22708626347866853 0.20569620253164558 0.06270511017346457 0.06211908110642286
0 0.22943037974683544 0.24671823722456632 0.04746835443037974 0.09610876699484294
0 0.30092592592592593 0.290084388185654 0.0791139240506329 0.10900140646976092
0 0.33198546647913735 0.26048992030004686 0.07559774964838252 0.10489920300046883
0 0.2971167369901547 0.1881153305203938 0.0785278949835912 0.07501172058134084
0 0.04658931082981716 0.32466010314111576 0.08966244725738397 0.1183778715424285
