0 0.8843928337097168 0.9486810684204101 0.08268718719482422 0.10211429595947266
0 0.36790168285369873 0.21160364151000977 0.0670691967010498 0.09038963317871093
0 0.9520360946655273 0.6820240020751953 0.05684032440185547 0.10689334869384766
0 0.6266892910003662 0.7014653205871582 0.06013059616088867 0.123626708984375
0 0.28309969902038573 0.26498539447784425 0.07613940238952636 0.11729550361633301
0 0.6458353042602539 0.6392477512359619 0.06345176696777344 0.10301427841186524
0 0.7141899108886719 0.9784478664398193 0.04788522720336914 0.04310426712036133
0 0.1764415804098494 0.3317429681086144 0.0738941912450096 0.11237613274828832
0 0.9799517631530762 0.42866467237472533 0.039633560180664065 0.10188877582550049
0 0.11304595087781363 0.2724404412921615 0.0717709141013063 0.10639642111135575
0 0.25093894242834364 0.3054359826700593 0.06644906278060518 0.11071168727801677
0 0.14655552157547788 0.23187595463245664 0.05790457231230105 0.09125297354758673
0 0.038178905844688416 0.2542266845703125 0.056066113710403445 0.08068146705627441
0 0.08886760323541933 0.30199020859940395 0.0787569178373776 0.10908897403150275
0 0.17241379310344826 0.21844401873137506 0.055342699020859955 0.09738186462324394
0 0.18598339719029375 0.3105044699872286 0.059067688378033216 0.10057471264367814
0 0.26207960834397614 0.2772456364410388 0.07503192848020435 0.11068539804171988
0 0.23706896551724138 0.16150489570029802 0.03884631758194975 0.044167730949340143
0 0.23706896551724138 0.19423158790974882 0.0601319710515113 0.08620689655172413
0 0.22589399744572158 0.20434227330779053 0.06119625372498934 0.07769263516389951
0 0.20008514261387822 0.23414218816517665 0.05959982971477226 0.09152830991911451
