0 0.4841867446899414 0.20056235790252686 0.060762786865234376 0.09833326339721679
0 0.04069951623678207 0.27213306427001954 0.07971005737781525 0.11401314735412597
0 0.7903748750686646 0.5693840026855469 0.05447001457214355 0.10872001647949218
0 0.22133235931396483 0.28290934562683107 0.062063980102539065 0.10659737586975097
0 0.33935985565185545 0.19249829053878784 0.04876689910888672 0.08404481410980225
0 0.507822322845459 0.4219301104545593 0.05989017486572266 0.10685503482818604
0 0.9775853157043457 0.42879347801208495 0.044829368591308594 0.1011495590209961
0 0.9535279273986816 0.27705883979797363 0.03466167449951172 0.10003023147583008
0 0.14361509084701538 0.31874632835388184 0.08278567790985107 0.10293855667114257
0 0.062385949144336234 0.5396051254027929 0.1148003883171625 0.10485127644661142
0 0.08829307854175568 0.35527782440185546 0.0851153314113617 0.10705022811889649
0 0.27727131843566893 0.7449671030044556 0.09630155563354492 0.11727366447448731
0 0.92559814453125 0.2683042287826538 0.03640480041503906 0.10118718147277832
0 0.1608683943748474 0.421379029750824 0.10721461772918701 0.08772537708282471
0 0.8698944091796875 0.10859131813049316 0.03388690948486328 0.08799936771392822
0 0.081246018409729 0.4702652931213379 0.11638321876525878 0.09721221923828124
0 0.2620903968811035 0.7189155101776123 0.05971078872680664 0.06538972854614258
0 0.06267806267806267 0.5064102564102564 0.09829059829059827 0.103988603988604
