0 0.2389436721801758 0.27890691757202146 0.07816414833068848 0.1080479621887207
0 0.3675029754638672 0.7883833646774292 0.09342126846313477 0.12815442085266113
0 0.44872069358825684 0.4039963364601135 0.0795135498046875 0.11063601970672607
0 0.7150432109832764 0.5294107437133789 0.07547168731689453 0.10711307525634765
0 0.412606680393219 0.2098296880722046 0.06620900630950928 0.1007697582244873
0 0.12714754343032836 0.24325027465820312 0.08444225788116455 0.10904974937438965
0 0.9781065464019776 0.4272956490516663 0.04378690719604492 0.10325572490692139
0 0.9925213675213675 0.25465771951566735 0.014957264957264989 0.11045504017093583
0 0.07636773884296418 0.28795394897460935 0.06653174757957458 0.09894332885742188
0 0.037393162393162385 0.485042735042735 0.07478632478632477 0.10683760683760686
0 0.13344384729862213 0.3260396718978882 0.06987277865409851 0.10119643211364746
0 0.8305991172790528 0.12293897867202759 0.03304862976074219 0.08615419864654542
0 0.2798435926437378 0.19702654480934143 0.04499893188476563 0.08214243650436401
0 0.03703703703703702 0.4594017094017094 0.06695156695156694 0.10113960113960108
0 0.04131054131054131 0.3888888888888889 0.08119658119658119 0.09116809116809116
0 0.9672364672364672 0.2585470085470085 0.04985754985754972 0.11823361823361819
