0 0.6331176280975341 0.491672945022583 0.058743953704833984 0.10730867385864258
0 0.17883821725845336 0.29477291107177733 0.07167937755584716 0.11723313331604004
0 0.35045676231384276 0.21896097660064698 0.06934909820556641 0.10560340881347656
0 0.3010385036468506 0.261592173576355 0.05736846923828125 0.11052021980285645
0 0.3778752088546753 0.38133955001831055 0.07007822990417481 0.10267448425292969
0 0.21469396948814393 0.22267508506774902 0.0629383683204651 0.11763710975646972
0 0.464054536819458 0.8283439636230469 0.08421745300292968 0.09700355529785157
0 0.7829437017440796 0.1289512038230896 0.051897096633911136 0.09034364223480225
0 0.03701367080211639 0.27336118221282957 0.07402734160423279 0.1168675422668457
0 0.04542484283447266 0.6026788234710694 0.09084968566894532 0.10350656509399414
0 0.9784365653991699 0.4275036811828613 0.042804527282714847 0.10103874206542969
