0 0.217819744348526 0.275738000869751 0.06256083250045777 0.10779314041137696
0 0.3243939161300659 0.36886402368545534 0.09246988296508789 0.10088355541229248
0 0.5540240287780762 0.45648703575134275 0.054732227325439455 0.10847234725952148
0 0.7239126682281494 0.133419468998909 0.03403310775756836 0.1061675488948822
0 0.3583226680755615 0.2425708591938019 0.06619844436645508 0.11213210821151734
0 0.568962574005127 0.9082146644592285 0.10029354095458984 0.11047191619873047
0 0.3027916431427002 0.22591941356658934 0.07163677215576172 0.11638154983520507
0 0.016273028403520583 0.2615944862365723 0.032043741643428804 0.08884367942810059
0 0.9782503128051758 0.4270902633666992 0.04349937438964844 0.10172605514526367
0 0.10052298605442048 0.6365614891052246 0.11428486704826354 0.10449695587158203
0 0.14458689458689458 0.20014245014245013 0.07407407407407407 0.0982905982905983
