0 0.2695088148117065 0.3777661919593811 0.08970494270324707 0.101047682762146
0 0.5066565036773681 0.18880804777145385 0.07120847702026367 0.10175673961639405
0 0.6026360034942627 0.131958532333374 0.045796680450439456 0.10450265407562256
0 0.41114368438720705 0.17084291577339172 0.04851808547973633 0.1027565360069275
0 0.8824291229248047 0.8155863761901856 0.07884960174560547 0.11902503967285157
0 0.37406673431396487 0.7689083099365235 0.08083524703979492 0.09662647247314453
0 0.9162851884390526 0.7601972949632069 0.05447872590509811 0.12993633506137914
0 0.3831596732139587 0.17108442783355712 0.04370968341827393 0.1002202033996582
0 0.9796893119812011 0.4291549205780029 0.039932632446289064 0.10146417617797851
0 0.1301660701250419 0.3242070897352322 0.09151971160176807 0.1151185840622992
0 0.9609796052898016 0.6781807032607294 0.0481362350617122 0.11342355341411427
0 0.04075377434492111 0.20268420577049256 0.07975236475467681 0.09273868799209595
0 0.07692307692307691 0.30484330484330485 0.05270655270655269 0.11680911680911685
0 0.1160968660968661 0.2898860398860399 0.07407407407407407 0.11538461538461535
0 0.940442561205273 0.7219083490269931 0.06042059008160708 0.12397991211550531
