0 0.38092392683029175 0.19752503633499147 0.06790201663970948 0.10112998485565186
0 0.7522560596466065 0.13383204042911528 0.05548391342163086 0.11222493052482604
0 0.9607147216796875 0.702132272720337 0.06476364135742188 0.11417989730834961
0 0.07491039037704468 0.3966828465461731 0.10451052188873292 0.14687793254852294
0 0.5223932266235352 0.8525740623474121 0.08371210098266602 0.10002059936523437
0 0.4841207504272461 0.12257346212863922 0.054517173767089845 0.09855944514274598
0 0.8819516181945801 0.597161340713501 0.06738033294677734 0.11669368743896484
0 0.7472376346588134 0.6940376281738281 0.09964714050292969 0.12413806915283203
0 0.8084650993347168 0.6378091812133789 0.06936798095703126 0.1265570640563965
0 0.9803807258605957 0.43032045364379884 0.03923854827880859 0.09931135177612305
0 0.3081579446792603 0.30089426040649414 0.06425056457519532 0.11264610290527344
0 0.9708115577697753 0.2436382591724396 0.055565261840820314 0.12488349676132202
0 0.9433539390563965 0.2127118170261383 0.03678741455078125 0.09154394865036011
0 0.07848596274852752 0.31222517490386964 0.07096477150917054 0.10637106895446777
0 0.9367741584777832 0.03404942750930786 0.024915122985839845 0.06809885501861572
0 0.4566221237182617 0.11331294775009156 0.031667041778564456 0.08722279071807862
0 0.06610755920410157 0.24256181120872497 0.0853271245956421 0.10968571901321411
0 0.021830353140830993 0.5460603713989258 0.043660706281661986 0.10355892181396484
0 0.27999937534332275 0.27407658100128174 0.030503034591674805 0.07799406051635742
0 0.8409649848937988 0.6136314392089843 0.06613998413085938 0.11913471221923828
