0 0.5766955852508545 0.29010806083679197 0.06944818496704101 0.09761743545532227
0 0.7999801397323608 0.7234231472015381 0.07567849159240722 0.10940437316894532
0 0.3301976203918457 0.5454600811004638 0.07190237045288086 0.11188573837280273
0 0.8514194488525391 0.6757686138153076 0.07065753936767578 0.13122320175170898
0 0.5381269931793213 0.09374749213457108 0.04467697143554687 0.09849782884120942
0 0.2576306819915771 0.31757726669311526 0.09524478912353515 0.11745338439941407
0 0.47971010208129883 0.28730020523071287 0.08324899673461914 0.10960006713867188
0 0.2789193630218506 0.6288325309753418 0.08452768325805664 0.12599382400512696
0 0.625994873046875 0.6808888912200928 0.05675821304321289 0.10961494445800782
0 0.7052217960357666 0.7666079521179199 0.08732461929321289 0.10038261413574219
0 0.1699709415435791 0.41782435178756716 0.09511194229125977 0.11172659397125244
0 0.42128925760797303 0.2885770036429955 0.06813577049833965 0.10406292393094022
0 0.4533475783475784 0.5851139601139601 0.08618233618233626 0.11467236467236464
0 0.13508327007293702 0.5181507587432861 0.10226316452026367 0.11052532196044922
0 0.6113364219665527 0.2429287850856781 0.059441757202148435 0.11785203218460083
0 0.9547025680541992 0.1615278899669647 0.035082435607910155 0.11346765756607055
0 0.811840271949768 0.4515084385871887 0.06216940879821777 0.12102563381195068
0 0.7627728462219239 0.48736963272094724 0.04677658081054688 0.11413955688476562
0 0.8415767669677734 0.4272487163543701 0.05049343109130859 0.11998605728149414
0 0.23157887458801268 0.3978994131088257 0.0735518455505371 0.1018155574798584
0 0.7002868175506591 0.6591044425964355 0.04936771392822266 0.09798107147216797
0 0.09266903189649867 0.3794544436103242 0.09266017253857228 0.11957908122417578
0 0.659462833404541 0.8107632875442505 0.08402690887451172 0.1272336483001709
0 0.5353120991307445 0.537529785816486 0.08749545985816888 0.11724812067472014
0 0.2920073509216309 0.2928128480911255 0.057616233825683594 0.1013871192932129
0 0.9280496597290039 0.18611408472061158 0.03691082000732422 0.10019819736480713
0 0.8607897758483887 0.09742608964443207 0.042164039611816403 0.10774973034858704
0 0.6006412982940674 0.2096034526824951 0.05162992477416992 0.11804924011230469
0 0.7058167457580566 0.542405366897583 0.06040401458740234 0.0901005744934082
0 0.5300452709197998 0.0397773876786232 0.03231201171875 0.03998315036296844
0 0.8999300956726074 0.06862367540597916 0.030044746398925782 0.09142598807811737
0 0.7351712703704834 0.509528398513794 0.05269355773925781 0.0872720718383789
0 0.7275641025641025 0.607905982905983 0.06766381766381768 0.1175213675213675
0 0.477920227920228 0.5548433048433048 0.06695156695156691 0.10826210826210825
0 0.1693121693121693 0.3587962962962963 0.09369488536155204 0.10912698412698416
0 0.19190917107583771 0.3235229276895944 0.05511463844797178 0.07826278659611992
0 0.2718253968253968 0.19235008818342153 0.06723985890652555 0.10692239858906526
0 0.4404761904761904 0.2623456790123457 0.0672398589065256 0.09479717813051146
