0 0.8955076217651368 0.6372332096099853 0.08337154388427734 0.11006374359130859
0 0.7262768745422363 0.1857496380805969 0.06208200454711914 0.10425941944122315
0 0.512399959564209 0.3100055456161499 0.05979089736938477 0.10732460021972656
0 0.9824771881103516 0.7637653827667237 0.03401165008544922 0.10394582748413086
0 0.7796937942504882 0.1313955694437027 0.035613727569580075 0.09490563273429871
0 0.272656774520874 0.2802117109298706 0.07308683395385743 0.10406360626220704
0 0.3349102020263672 0.26903257369995115 0.07343354225158691 0.1168912410736084
0 0.5462278842926025 0.09517428874969483 0.04593925476074219 0.08957700729370117
0 0.4094849109649658 0.2674461841583252 0.06463327407836914 0.1042862892150879
0 0.6704952239990234 0.22130839228630067 0.04263772964477539 0.10516239404678344
0 0.9746305465698242 0.5881606578826905 0.05073890686035156 0.11397848129272461
0 0.11668837254713067 0.5863296985626221 0.11183934807777404 0.1052083969116211
0 0.9812403678894043 0.4248054027557373 0.037172698974609376 0.10063562393188477
0 0.3047373056411743 0.503631591796875 0.09973816871643067 0.13445024490356444
0 0.49282517433166506 0.5779297828674317 0.06357355117797851 0.11411609649658203
0 0.6780734539031983 0.14425736665725708 0.04230518341064453 0.0827831506729126
0 0.4560884952545166 0.7074175357818604 0.08294992446899414 0.1317765235900879
0 0.11031641960144042 0.27260661125183105 0.09186365604400634 0.11157937049865722
0 0.6393082141876221 0.6007339000701905 0.07874898910522461 0.11500492095947265
0 0.4916398048400879 0.6869926452636719 0.10657119750976562 0.11023902893066406
0 0.6130183219909668 0.37229366302490235 0.05291166305541992 0.1144937515258789
0 0.589985990524292 0.6138920783996582 0.08726673126220703 0.14578819274902344
0 0.06928865760564804 0.17984799146652222 0.06216497719287872 0.07667853832244872
0 0.37589460611343384 0.4692723751068115 0.084336256980896 0.11575174331665039
0 0.09855799674987793 0.4374816417694092 0.08478724956512451 0.10972032546997071
0 0.09759570175086668 0.4861021348214218 0.1025293942190643 0.11896382152524765
0 0.04984426000858642 0.5608568002695371 0.0783209986496515 0.10050862168314786
0 0.07557228261928613 0.33915315730619294 0.08134399543800247 0.10280773911381039
0 0.42448062896728517 0.20770068168640138 0.06525802612304688 0.13022232055664062
0 0.02513369619846344 0.3894330382347107 0.05026739239692688 0.09522736072540283
0 0.44554500579833983 0.6010909080505371 0.05923376083374023 0.11266670227050782
0 0.6402523040771484 0.35083637237548826 0.05751800537109375 0.12000198364257812
0 0.051818283348002016 0.272340781600387 0.0708730339324713 0.091690110209321
0 0.571218363511936 0.4471548910494204 0.09545501086786601 0.09714320935415068
0 0.4432887077331543 0.22738098502159118 0.05063819885253906 0.1049078106880188
0 0.984760332107544 0.23119213581085205 0.03047933578491211 0.09392871856689453
0 0.509942102432251 0.4918618679046631 0.057617568969726564 0.11328315734863281
0 0.5279347896575928 0.0411533385515213 0.028952503204345705 0.04095959067344666
0 0.920596694946289 0.036354510486125945 0.033303260803222656 0.07085749208927154
0 0.045227920227920236 0.6143518518518518 0.09045584045584047 0.10462962962962963
0 0.034188034188034185 0.3176638176638177 0.06695156695156694 0.11965811965811965
0 0.3012820512820513 0.24928774928774927 0.054131054131054124 0.10826210826210825
0 0.5740740740740741 0.44159544159544156 0.08119658119658113 0.1253561253561254
0 0.5512820512820513 0.5341880341880342 0.06695156695156691 0.11680911680911685
