0 0.7870691299438477 0.8342951536178589 0.08132381439208984 0.09538159370422364
0 0.8428934335708618 0.9579507827758789 0.09361071586608886 0.08367996215820313
0 0.8372074127197265 0.19556306004524232 0.054105377197265624 0.11705840826034546
0 0.4928111553192139 0.24101104736328124 0.05916738510131836 0.1054049015045166
0 0.9772133827209473 0.20504270195961 0.04557323455810547 0.09962128400802613
0 0.8354147911071778 0.6494647979736328 0.06587409973144531 0.12497806549072266
0 0.26370670795440676 0.3664726495742798 0.06949901580810547 0.14283270835876466
0 0.6859191417694092 0.5430336952209472 0.058979225158691403 0.09619903564453125
0 0.877322006225586 0.8906769752502441 0.059167098999023435 0.09598007202148437
0 0.8691518783569336 0.750547194480896 0.0568695068359375 0.10565304756164551
0 0.30568599700927734 0.26682424545288086 0.05100431442260742 0.09123091697692871
0 0.8877153396606445 0.7066515922546387 0.05567665100097656 0.08674001693725586
0 0.6686906337738037 0.5867004871368409 0.056033992767333986 0.0989729881286621
0 0.2835705280303955 0.2736619234085083 0.06944613456726074 0.09674320220947266
0 0.8163580246913579 0.17889363722697052 0.04392212725546061 0.10565052231718897
0 0.9404083570750237 0.191358024691358 0.0356125356125355 0.11158594491927827
0 0.5124643874643874 0.22162867996201324 0.060541310541310414 0.10565052231718897
0 0.2501187084520418 0.3842592592592592 0.07241215574548905 0.10565052231718897
