0 0.5730000272160396 0.13840830884873867 0.10200000484474003 0.1868512169457972
0 0.9590000455500558 0.29238755244296044 0.08200000389479101 0.39100347249768674
0 0.20900000992696732 0.4826989771099761 0.35000001662410796 0.7439446600619704
0 0.8100000384729356 0.09515571233350784 0.05600000265985727 0.18339100922457874
0 0.7440000353381038 0.13321799726691097 0.09200000436976552 0.259515579091385
0 0.38900001847650856 0.1401384127093479 0.08200000389479101 0.2733564099762589
0 0.6260000297334045 0.12110727024264634 0.12400000588968396 0.23529412504285574
0 0.3100000147242099 0.058823531260713935 0.0800000037997961 0.11072664707899094
0 0.17000000807456672 0.10553633549716324 0.08800000417977571 0.20415225555188954
0 0.6880000326782465 0.5207612620433792 0.4560000216588378 0.7301038291770965
0 0.8660000411327928 0.26124568295199424 0.10800000512972474 0.47404845780692995
0 0.2510000119218603 0.0934256084728986 0.06600000313483179 0.17993080150336027
0 0.22500001068692654 0.1453287242911756 0.10200000484474003 0.1660899706184864
0 0.0370000017574057 0.1868512169457972 0.07000000332482159 0.3529411875642836
0 0.3260000154841691 0.26124568295199424 0.12800000607967377 0.363321810727939
