0 0.873000041465275 0.5268656758125871 0.03000000142492354 0.1402985085733235
0 0.9000000427477062 0.513432839885354 0.028000001329928637 0.11940298601984978
0 0.9300000441726297 0.5074626905843616 0.028000001329928637 0.11940298601984978
0 0.6040000286884606 0.5328358251135796 0.028000001329928637 0.1402985085733235
0 0.6370000302558765 0.5268656758125871 0.03800000180490315 0.1283582099713385
0 0.9520000452175736 0.5104477652348578 0.01600000075995922 0.1074626874178648
0 0.3180000151041895 0.5179104518610984 0.01600000075995922 0.09253731416538358
0 0.37500001781154424 0.5194029891863465 0.026000001234933734 0.10149253811687231
0 0.3330000158166513 0.5164179145358503 0.018000000854954123 0.09552238881587982
0 0.9810000465949997 0.5149253772106022 0.026000001234933734 0.11641791136935353
0 0.853000040515326 0.5597014969680458 0.02200000104494393 0.11641791136935353
0 0.7980000379029661 0.5014925412833691 0.020000000949949026 0.1074626874178648
0 0.8340000396128744 0.5283582131378353 0.03600000170990825 0.1611940311267972
0 0.740000035148114 0.5283582131378353 0.02400000113993883 0.11940298601984978
