0 0.32300001534167677 0.3723723813891411 0.0780000037048012 0.17417417839169502
0 0.3960000188089907 0.28078078757971525 0.12000000569969416 0.26126126758754253
0 0.37900001800153404 0.5240240367129445 0.18600000883452594 0.29129129834473133
0 0.5060000240337104 0.23273273836821318 0.04000000189989805 0.057057058438658714
0 0.24200001149438322 0.33783784601837397 0.08400000398978591 0.2792792860418558
0 0.6930000329157338 0.5135135259479284 0.3860000183340162 0.972972996532917
0 0.10700000508222729 0.5015015136450529 0.21000000997446477 0.9969970211386681
0 0.15100000717211515 0.40840841829776764 0.0740000035148114 0.324324332177639
0 0.2320000110194087 0.7042042212560773 0.20400000968948007 0.5075075197964907
0 0.5180000246036798 0.4639639751985669 0.0800000037997961 0.45345346443355083
