0 0.4850000230362639 0.3128742631524801 0.10200000484474003 0.3502994142472744
0 0.4110000195214525 0.5673652905970812 0.17000000807456672 0.5898203812539577
0 0.18000000854954123 0.5239521153271198 0.35600001690909266 0.71856290102005
0 0.05200000246986747 0.464071873575449 0.03600000170990825 0.10778443515300751
0 0.20200000959448516 0.6751497257500887 0.3800000180490315 0.6497006230056286
0 0.7760000368580222 0.5134730730205774 0.288000013679266 0.40419163182377815
0 0.9010000427952036 0.4266467224806547 0.10600000503472984 0.14670659229159355
0 0.5710000271210447 0.5598802603781223 0.19000000902451575 0.49700600653886795
0 0.8330000395653769 0.3712574988603592 0.06200000294484198 0.11976048350334167
0 0.7610000361455604 0.5973054114729166 0.41800001985393465 0.5179640911519527
