0 0.19999999785795808 0.6490000308258459 0.03733333293348551 0.050000002374872565
0 0.10933333216235042 0.6920000328682363 0.07466666586697102 0.13600000645965338
0 0.4933333280496299 0.7150000339606777 0.05866666603833437 0.1540000073146075
0 0.3559999961871654 0.7250000344356522 0.07733333250507712 0.13800000655464828
0 0.2519999973010272 0.6960000330582261 0.050666666124016047 0.13200000626966357
0 0.17466666479595006 0.7070000335806981 0.09333333233371377 0.14200000674463809
0 0.06399999931454659 0.7070000335806981 0.05866666603833437 0.13400000636465847
0 0.011999999871477485 0.7210000342456624 0.018666666466742754 0.1460000069346279
0 0.8293333244509995 0.7160000340081751 0.07999999914318323 0.144000006839633
0 0.718666658969596 0.7080000336281955 0.06666666595265269 0.1520000072196126
0 0.4399999952875078 0.7040000334382057 0.0693333325907588 0.14000000664964318
0 0.5999999935738742 0.7030000333907083 0.07999999914318323 0.1460000069346279
0 0.13333333190530539 0.6460000306833535 0.04799999948590994 0.06800000322982669
