0 0.4030000191414729 0.7066666590981185 0.13000000617466867 0.26133333053439856
0 0.9250000439351425 0.7226666589267552 0.1500000071246177 0.5546666607260704
0 0.16500000783707947 0.7253333255648613 0.3140000149141997 0.5493333274498582
0 0.4760000226087868 0.7026666591409594 0.09600000455975533 0.2373333307914436
0 0.8040000381879508 0.7533333252649754 0.24400001158937812 0.4826666614972055
0 0.7620000361930579 0.7053333257790655 0.14000000664964318 0.3119999966584146
0 0.3550000168615952 0.7866666582413018 0.14200000674463809 0.36799999605864286
0 0.6910000328207389 0.7066666590981185 0.11400000541470945 0.3093333300203085
0 0.30700001458171755 0.669333326164633 0.17800000845454633 0.3413333296775818
0 0.5990000284509733 0.6706666594836861 0.12600000598467886 0.25866666389629245
