0 0.7230000343406573 0.6276276428252459 0.13000000617466867 0.5405405536293983
0 0.4070000193314627 0.5405405536293983 0.2300000109244138 0.7447447627782822
0 0.9430000447900966 0.8333333535119891 0.04600000218488276 0.21921922452747822
0 0.28400001348927617 0.5315315444022417 0.1480000070296228 0.7507507689297199
0 0.12800000607967377 0.7777777966111898 0.04800000227987766 0.1321321353316307
0 0.986000046832487 0.8273273473605514 0.028000001329928637 0.23123123683035374
0 0.0780000037048012 0.7777777966111898 0.04000000189989805 0.11411411687731743
0 0.5940000282134861 0.5930931074544787 0.1480000070296228 0.6216216366738081
0 0.19600000930950046 0.8063063258305192 0.05600000265985727 0.1771771814674139
0 0.8740000415127724 0.7762762950733304 0.12400000588968396 0.4474474582821131
