0 0.9190000436501577 0.6973333258647472 0.1620000076945871 0.6053333268500865
0 0.20700000983197242 0.618666660040617 0.2300000109244138 0.6293333265930414
0 0.12700000603217632 0.7159999923314899 0.2500000118743628 0.5679999939166009
0 0.8440000400878489 0.2693333304487169 0.06800000322982669 0.13333333190530539
0 0.26000001234933734 0.518666661111638 0.17200000816956162 0.39199999580159783
0 0.8290000393753871 0.6239999933168292 0.1460000069346279 0.46399999503046274
0 0.9090000431751832 0.2199999976437539 0.03800000180490315 0.08266666578128934
0 0.9720000461675227 0.24399999738670886 0.04400000208988786 0.1359999985434115
0 0.9380000445526093 0.2399999974295497 0.04400000208988786 0.12266666535288095
0 0.5950000282609835 0.16266666492447257 0.09400000446476042 0.1759999981150031
0 0.6820000323932618 0.20666666445322335 0.12000000569969416 0.2053333311341703
0 0.7200000341981649 0.5159999944735318 0.2240000106394291 0.42933332873508334
0 0.5600000265985727 0.3066666633822024 0.0760000036098063 0.43733332864940166
