0 0.6800000322982669 0.543999994173646 0.308000014629215 0.42666666209697723
0 0.46900002227630466 0.4333333286922425 0.06200000294484198 0.07733333250507712
0 0.28200001339428127 0.4306666620541364 0.06000000284984708 0.09866666560992599
0 0.913000043365173 0.45199999515898526 0.05400000256486237 0.15199999837204814
0 0.9580000455025584 0.4626666617114097 0.06400000303983688 0.11999999871477485
0 0.17900000850204378 0.6359999931883067 0.35400001681409776 0.7279999922029674
0 0.5350000254111364 0.4559999951161444 0.03800000180490315 0.07999999914318323
0 0.058000002754852176 0.36533332942053676 0.11200000531971455 0.18133333139121532
0 0.4020000190939754 0.5239999943878502 0.3120000148192048 0.47199999494478106
0 0.7980000379029661 0.4359999953303486 0.10000000474974513 0.26399999717250466
