0 0.05600000265985727 0.7253333255648613 0.10800000512972474 0.5493333274498582
0 0.08500000403728336 0.5066666612401605 0.16600000788457692 0.6506666596978903
0 0.6590000313008204 0.24799999734386802 0.08200000389479101 0.2399999974295497
0 0.5910000280709937 0.25866666389629245 0.03800000180490315 0.06399999931454659
0 0.7440000353381038 0.48133332817815244 0.20000000949949026 0.743999992031604
0 0.9110000432701781 0.5239999943878502 0.17800000845454633 0.9199999901466072
0 0.42000001994892955 0.570666660554707 0.24400001158937812 0.5653333272784948
0 0.4990000237012282 0.28399999695830047 0.1580000075045973 0.4559999951161444
0 0.2590000123018399 0.5426666608545929 0.21800001035444438 0.5573333273641765
0 0.8050000382354483 0.2106666644103825 0.0740000035148114 0.18666666466742754
