0 0.6310000299708918 0.3933333291206509 0.07000000332482159 0.15199999837204814
0 0.24600001168437302 0.26399999717250466 0.0760000036098063 0.29333333019167185
0 0.2710000128718093 0.2853333302773535 0.12200000579468906 0.29866666346788406
0 0.9760000463575125 0.34799999627284706 0.04800000227987766 0.08799999905750155
0 0.2240000106394291 0.4973333280067891 0.4440000210888684 0.5573333273641765
0 0.5530000262660906 0.5253333277069032 0.20200000959448516 0.5066666612401605
0 0.3980000189039856 0.3813333292491734 0.05200000246986747 0.15466666501015425
0 0.3140000149141997 0.4413333286065608 0.0760000036098063 0.1413333318196237
0 0.5100000242237002 0.30133333010599017 0.19200000911951065 0.33066666312515736
0 0.7440000353381038 0.5333333276212215 0.5120000243186951 0.5973333269357681
