0 0.3620000171940774 0.5053333279211074 0.01600000075995922 0.02399999974295497
0 0.46100002189632505 0.5479999941308051 0.018000000854954123 0.029333333019167185
0 0.4370000207563862 0.543999994173646 0.014000000664964318 0.026666666381061077
0 0.3680000174790621 0.5426666608545929 0.01600000075995922 0.02399999974295497
0 0.48200002289377153 0.543999994173646 0.01600000075995922 0.026666666381061077
0 0.3860000183340162 0.5426666608545929 0.01600000075995922 0.02399999974295497
0 0.4090000194264576 0.543999994173646 0.014000000664964318 0.026666666381061077
0 0.32100001524668187 0.5399999942164868 0.018000000854954123 0.02399999974295497
0 0.34800001652911305 0.5066666612401605 0.012000000569969416 0.02133333310484886
0 0.5080000241287053 0.5479999941308051 0.01600000075995922 0.029333333019167185
0 0.34800001652911305 0.5399999942164868 0.01600000075995922 0.02399999974295497
