0 0.4040000191889703 0.519999994430691 0.020000000949949026 0.04799999948590994
0 0.7390000351006165 0.6266666599549353 0.018000000854954123 0.07999999914318323
0 0.4270000202814117 0.519999994430691 0.03000000142492354 0.04799999948590994
0 0.6600000313483179 0.8239999911747873 0.0720000034198165 0.20266666449606419
0 0.17900000850204378 0.494666661368683 0.05400000256486237 0.08266666578128934
0 0.5840000277385116 0.5239999943878502 0.028000001329928637 0.04533333284780383
0 0.7980000379029661 0.6346666598692536 0.02400000113993883 0.07999999914318323
0 0.21400001016445458 0.8946666570845991 0.06400000303983688 0.2106666644103825
0 0.6820000323932618 0.5293333276640624 0.02400000113993883 0.029333333019167185
0 0.45900002180133015 0.5239999943878502 0.02200000104494393 0.0346666662953794
0 0.3550000168615952 0.5213333277497441 0.02200000104494393 0.039999999571591616
0 0.9710000461200252 0.8039999913889915 0.05400000256486237 0.16799999820068479
0 0.5090000241762027 0.5213333277497441 0.026000001234933734 0.04533333284780383
0 0.6220000295434147 0.5213333277497441 0.03200000151991844 0.04533333284780383
