0 0.8720000414177775 0.32266666321083903 0.09600000455975533 0.26133333053439856
0 0.6260000297334045 0.2399999974295497 0.12400000588968396 0.12799999862909317
0 0.27200001291930676 0.37733332929201424 0.18400000873953104 0.40266666235402226
0 0.46900002227630466 0.33333332976326346 0.1460000069346279 0.2826666636392474
0 0.7950000377604738 0.4413333286065608 0.19800000940449536 0.42933332873508334
0 0.8370000397553667 0.2079999977722764 0.058000002754852176 0.09599999897181988
0 0.12100000574719161 0.5119999945163727 0.2380000113043934 0.42666666209697723
0 0.5420000257436186 0.271999997086823 0.06800000322982669 0.18666666466742754
0 0.113000005367212 0.7866666582413018 0.2220000105444342 0.42666666209697723
0 0.5810000275960192 0.6466666597407311 0.4700000223238021 0.7066666590981185
