0 0.5640000267885625 0.4894895013421774 0.06000000284984708 0.1921921968460083
0 0.257000012206845 0.3873873967677355 0.08200000389479101 0.22822823375463486
0 0.7300000346731395 0.5855855997651815 0.0720000034198165 0.2702702768146992
0 0.026000001234933734 0.4024024121463299 0.04800000227987766 0.1321321353316307
0 0.9200000436976552 0.8078078273683786 0.12000000569969416 0.30630631372332573
0 0.35200001671910286 0.6321321474388242 0.12800000607967377 0.6276276428252459
0 0.08400000398978591 0.5300300428643823 0.10000000474974513 0.399399409070611
0 0.503000023891218 0.6591591751202941 0.12200000579468906 0.5855855997651815
0 0.8130000386154279 0.5810810951516032 0.09000000427477062 0.18918919377028942
0 0.8860000420827419 0.5945946089923382 0.06800000322982669 0.18618619069457054
0 0.20600000978447497 0.611111125908792 0.13600000645965338 0.6576576735824347
0 0.44900002132635564 0.4339339444413781 0.06600000313483179 0.17117117531597614
