0 0.3860000183340162 0.2297297352924943 0.10800000512972474 0.45345346443355083
0 0.4910000233212486 0.6426426582038403 0.13400000636465847 0.5045045167207718
0 0.5830000276910141 0.6441441597416997 0.14200000674463809 0.525525538250804
0 0.6490000308258459 0.7312312489375472 0.11000000522471964 0.5015015136450529
0 0.7160000340081751 0.6231231382116675 0.10400000493973494 0.4774774890393019
0 0.2940000139642507 0.7117117289453745 0.13600000645965338 0.5345345474779606
0 0.34400001633912325 0.19069069530814886 0.10000000474974513 0.37537538446485996
0 0.025000001187436283 0.12012012302875519 0.04600000218488276 0.23423423990607262
0 0.021000000997446477 0.2552552614361048 0.03800000180490315 0.17417417839169502
0 0.7080000336281955 0.7507507689297199 0.09600000455975533 0.49849851056933403
0 0.9430000447900966 0.33783784601837397 0.11400000541470945 0.4474474582821131
0 0.5890000279759988 0.6696696858853102 0.13400000636465847 0.49249250441789627
