0 0.8950000425102189 0.49866666132584214 0.0780000037048012 0.2399999974295497
0 0.3000000142492354 0.46933332830667496 0.020000000949949026 0.29333333019167185
0 0.6280000298283994 0.40533332899212837 0.04800000227987766 0.12799999862909317
0 0.6790000322507694 0.5133333278354257 0.09400000446476042 0.3439999963156879
0 0.6110000290209427 0.5533333274070174 0.09800000465475023 0.2693333304487169
0 0.06800000322982669 0.36266666278243065 0.0800000037997961 0.11733333207666874
0 0.07300000346731395 0.4773333282209933 0.12600000598467886 0.11733333207666874
0 0.9590000455500558 0.5159999944735318 0.05400000256486237 0.26399999717250466
0 0.935000044410117 0.5653333272784948 0.06600000313483179 0.3146666632965207
0 0.4950000235112384 0.4226666621398181 0.026000001234933734 0.2693333304487169
