0 0.3470000164816156 0.6893333259504288 0.03800000180490315 0.14666666509583592
0 0.12000000569969416 0.5893333270214498 0.03600000170990825 0.10666666552424431
0 0.4400000208988786 0.6773333260789514 0.04800000227987766 0.15466666501015425
0 0.3940000187139958 0.46666666166856885 0.01600000075995922 0.053333332762122154
0 0.6880000326782465 0.48666666145436466 0.020000000949949026 0.06666666595265269
0 0.20700000983197242 0.61999999335967 0.034000001614913344 0.13066666526719928
0 0.7040000334382057 0.49866666132584214 0.020000000949949026 0.05866666603833437
0 0.4230000200914219 0.4853333281353116 0.018000000854954123 0.06399999931454659
0 0.6790000322507694 0.6253333266358823 0.03800000180490315 0.11999999871477485
0 0.8910000423202291 0.4933333280496299 0.018000000854954123 0.05866666603833437
0 0.4600000218488276 0.6639999928884208 0.04000000189989805 0.12266666535288095
0 0.37500001781154424 0.4733333282638341 0.018000000854954123 0.050666666124016047
0 0.7450000353856012 0.494666661368683 0.02200000104494393 0.06133333267644048
0 0.5320000252686441 0.8053333247080445 0.05600000265985727 0.22933333087712526
0 0.4170000198064372 0.8373333243653178 0.06600000313483179 0.22933333087712526
0 0.050000002374872565 0.5999999935738742 0.04000000189989805 0.09066666569560766
0 0.05400000256486237 0.6626666595693678 0.05200000246986747 0.07199999922886491
