0 0.6730000319657847 0.30799999670125544 0.10200000484474003 0.3493333295919001
0 0.76900003652554 0.29599999682977796 0.09800000465475023 0.29333333019167185
0 0.025000001187436283 0.30533333006314933 0.02200000104494393 0.09333333233371377
0 0.0370000017574057 0.29066666355356574 0.02200000104494393 0.10666666552424431
0 0.21700001030694693 0.29333333019167185 0.03000000142492354 0.10133333224803209
0 0.359000017051585 0.22666666423901916 0.08200000389479101 0.10133333224803209
0 0.9700000460725278 0.3346666630823165 0.06000000284984708 0.3386666630394757
0 0.24100001144688576 0.2893333302345127 0.026000001234933734 0.10933333216235042
0 0.011000000522471964 0.321333329891786 0.018000000854954123 0.06666666595265269
0 0.5680000269785523 0.25333333062008023 0.1520000072196126 0.3093333300203085
