0 0.3270000155316666 0.28967253281734884 0.10200000484474003 0.26700250850990415
0 0.1250000059371814 0.6775818376336247 0.17000000807456672 0.3727959552779794
0 0.43000002042390406 0.5617128245066851 0.13200000626966357 0.41813600389286876
0 0.2630000124918297 0.6826196208130568 0.1620000076945871 0.41813600389286876
0 0.29900001420173794 0.45088159455917776 0.12600000598467886 0.22166245989501476
0 0.4020000190939754 0.2984886533813551 0.0800000037997961 0.27959696645848453
0 0.23700001125689596 0.3677581720985472 0.08600000408478081 0.3778337384574115
0 0.5590000265510753 0.5340050170198083 0.1460000069346279 0.4130982207134366
0 0.48400002298876643 0.2758186290739104 0.09600000455975533 0.2695214000996202
0 0.1460000069346279 0.41435766650829464 0.12800000607967377 0.3501259309705347
