0 0.44300002104137093 0.23564954660832882 0.034000001614913344 0.2598187308758497
0 0.6630000314908102 0.3262839876115322 0.026000001234933734 0.07250755280256271
0 0.3800000180490315 0.23867069464176893 0.08400000398978591 0.24169184267520905
0 0.41800001985393465 0.20392749225720763 0.04400000208988786 0.24471299070864916
0 0.5640000267885625 0.29003021121025085 0.020000000949949026 0.09667673707008362
0 0.5800000275485218 0.33534743171185255 0.04400000208988786 0.1631419938057661
0 0.16600000788457692 0.4138972805812955 0.13600000645965338 0.38066465221345425
0 0.5410000256961212 0.28398791514337063 0.03000000142492354 0.24169184267520905
0 0.3800000180490315 0.12235649535432458 0.0800000037997961 0.09969788510352373
0 0.4990000237012282 0.3096676734276116 0.09000000427477062 0.2990936553105712
0 0.4850000230362639 0.26586102694272995 0.03000000142492354 0.2537764348089695
0 0.31500001496169716 0.2779456190764904 0.06200000294484198 0.3444108758121729
0 0.6230000295909122 0.34592144982889295 0.034000001614913344 0.15407854970544577
0 0.2710000128718093 0.29758308129385114 0.11400000541470945 0.480362537316978
0 0.6460000306833535 0.2990936553105712 0.028000001329928637 0.054380664601922035
