0 0.22500001068692654 0.5669398751342669 0.0780000037048012 0.30327868019230664
0 0.01600000075995922 0.49043714499566704 0.028000001329928637 0.09016393194906414
0 0.5490000260761008 0.573770476039499 0.1500000071246177 0.34972676634788513
0 0.8320000395178795 0.6653005281696096 0.05600000265985727 0.24316939222626388
0 0.6590000313008204 0.602458999841474 0.17800000845454633 0.30874316091649234
0 0.3330000158166513 0.5368852311512455 0.08200000389479101 0.352459006709978
0 0.43800002080388367 0.5560109136858955 0.13200000626966357 0.3797814103309065
0 0.3740000177640468 0.5696721154963598 0.04800000227987766 0.1557377006392926
0 0.10300000489223748 0.5505464329617098 0.12600000598467886 0.3633879681583494
0 0.6930000329157338 0.5724043558584526 0.03800000180490315 0.1448087391909212
0 0.8680000412277877 0.6543715667212382 0.04800000227987766 0.23770491150207818
