0 0.7140000339131802 0.6906666592694819 0.35600001690909266 0.618666660040617
0 0.5080000241287053 0.4933333280496299 0.0800000037997961 0.16533333156257868
0 0.6540000310633332 0.6093333268072456 0.21600001025944948 0.3066666633822024
0 0.1850000087870285 0.5586666606832296 0.1500000071246177 0.29066666355356574
0 0.6410000304458663 0.3613333294633776 0.1580000075045973 0.2373333307914436
0 0.6370000302558765 0.618666660040617 0.19800000940449536 0.3839999958872795
0 0.09800000465475023 0.6253333266358823 0.19200000911951065 0.4079999956302345
0 0.13300000631716102 0.371999996015802 0.21400001016445458 0.32799999648705125
0 0.5830000276910141 0.5106666611973196 0.12600000598467886 0.26399999717250466
0 0.4150000197114423 0.3786666626110673 0.12600000598467886 0.28799999691545963
0 0.5280000250786543 0.37066666269674897 0.33600001595914364 0.3039999967440963
0 0.2670000126818195 0.5079999945592135 0.11800000560469925 0.21599999768659472
0 0.3880000184290111 0.4919999947305769 0.1560000074096024 0.19999999785795808
0 0.339000016101636 0.3693333293776959 0.18200000864453614 0.2053333311341703
