0 0.25800001225434244 0.4413333286065608 0.028000001329928637 0.11999999871477485
0 0.1890000089770183 0.5213333277497441 0.08200000389479101 0.21599999768659472
0 0.9460000449325889 0.44933332852087915 0.05600000265985727 0.18399999802932143
0 0.8500000403728336 0.43733332864940166 0.03600000170990825 0.1706666648387909
0 0.4640000220388174 0.45199999515898526 0.04400000208988786 0.1413333318196237
0 0.10600000503472984 0.4679999949876219 0.02400000113993883 0.11466666543856263
0 0.9900000470224768 0.43199999537318945 0.020000000949949026 0.15999999828636646
0 0.8810000418452546 0.4599999950733036 0.042000001994892955 0.15199999837204814
0 0.12700000603217632 0.4679999949876219 0.02200000104494393 0.11466666543856263
0 0.03100000147242099 0.5013333279639482 0.058000002754852176 0.15999999828636646
0 0.8060000382829458 0.44399999524466693 0.04400000208988786 0.16799999820068479
0 0.22700001078192145 0.4599999950733036 0.034000001614913344 0.1039999988861382
0 0.7160000340081751 0.5053333279211074 0.144000006839633 0.29599999682977796
0 0.7590000360505655 0.4573333284351975 0.042000001994892955 0.1039999988861382
0 0.3760000178590417 0.5213333277497441 0.11200000531971455 0.2799999970011413
0 0.6290000298758969 0.4599999950733036 0.03000000142492354 0.15733333164826035
0 0.6080000288784504 0.48399999481625855 0.02400000113993883 0.10933333216235042
0 0.2280000108294189 0.4079999956302345 0.02400000113993883 0.053333332762122154
