0 0.8386666576843709 0.4020000190939754 0.08799999905750155 0.09200000436976552
0 0.6573333262931556 0.4760000226087868 0.07199999922886491 0.0800000037997961
0 0.7279999922029674 0.4090000194264576 0.04266666620969772 0.03800000180490315
0 0.5093333278782666 0.49400002346374094 0.07466666586697102 0.08400000398978591
0 0.035999999614432454 0.3760000178590417 0.06133333267644048 0.06000000284984708
0 0.5919999936595559 0.48400002298876643 0.06399999931454659 0.05600000265985727
0 0.6799999927170575 0.4170000198064372 0.053333332762122154 0.05400000256486237
0 0.7706666584126651 0.5070000240812078 0.10666666552424431 0.09000000427477062
0 0.28799999691545963 0.43200002051889896 0.04266666620969772 0.0800000037997961
0 0.346666662953794 0.4800000227987766 0.07466666586697102 0.0800000037997961
0 0.8626666574273258 0.49600002355873585 0.08266666578128934 0.0760000036098063
