0 0.791000037570484 0.7119999923743308 0.042000001994892955 0.16533333156257868
0 0.9670000459300354 0.6613333262503147 0.014000000664964318 0.04799999948590994
0 0.8480000402778387 0.6519999930169433 0.00800000037997961 0.039999999571591616
0 0.8760000416077673 0.6533333263359964 0.012000000569969416 0.04266666620969772
0 0.8300000394228846 0.6573333262931556 0.012000000569969416 0.04533333284780383
0 0.9190000436501577 0.6546666596550494 0.018000000854954123 0.050666666124016047
0 0.8580000407528132 0.6559999929741025 0.012000000569969416 0.03733333293348551
0 0.8380000398028642 0.6519999930169433 0.012000000569969416 0.039999999571591616
0 0.8430000400403515 0.6533333263359964 0.006000000284984708 0.03199999965727329
0 0.9390000446001068 0.6559999929741025 0.014000000664964318 0.04799999948590994
0 0.9270000440301374 0.6586666596122086 0.010000000474974513 0.04799999948590994
0 0.729000034625642 0.7159999923314899 0.04600000218488276 0.15733333164826035
0 0.6750000320607796 0.718666658969596 0.034000001614913344 0.13066666526719928
0 0.884000041987747 0.6533333263359964 0.012000000569969416 0.04266666620969772
0 0.9490000450750813 0.6573333262931556 0.014000000664964318 0.05599999940022826
0 0.7360000349581242 0.7053333257790655 0.04800000227987766 0.1359999985434115
0 0.7560000359080732 0.643999993102625 0.012000000569969416 0.0346666662953794
0 0.771000036620535 0.6466666597407311 0.014000000664964318 0.039999999571591616
