0 0.5410000256961212 0.7706666584126651 0.26200001244433224 0.4586666617542505
0 0.5950000282609835 0.30533333006314933 0.034000001614913344 0.09333333233371377
0 0.5120000243186951 0.6906666592694819 0.33200001576915383 0.5653333272784948
0 0.3160000150091946 0.30133333010599017 0.0720000034198165 0.12266666535288095
0 0.5640000267885625 0.40933332894928753 0.1480000070296228 0.3173333299346268
0 0.14300000679213554 0.643999993102625 0.24600001168437302 0.6799999927170575
0 0.3510000166716054 0.6519999930169433 0.226000010734424 0.6586666596122086
0 0.7170000340556726 0.793333324836567 0.26200001244433224 0.4133333289064467
0 0.6790000322507694 0.3546666628681123 0.11400000541470945 0.2506666639819741
0 0.3570000169565901 0.37466666265390813 0.07000000332482159 0.13066666526719928
0 0.4460000211838633 0.3559999961871654 0.06000000284984708 0.19999999785795808
0 0.6710000318707898 0.4879999947734177 0.17000000807456672 0.36799999605864286
0 0.22500001068692654 0.6386666598264128 0.20200000959448516 0.5839999937452376
