0 0.08400000398978591 0.34533332963474095 0.10000000474974513 0.4559999951161444
0 0.5110000242711976 0.4226666621398181 0.12600000598467886 0.26399999717250466
0 0.3780000179540366 0.28133333032019436 0.0720000034198165 0.25333333062008023
0 0.15900000755209476 0.2946666635107249 0.0740000035148114 0.17866666475310922
0 0.46300002199131995 0.2653333304915577 0.09000000427477062 0.2746666637249291
0 0.7560000359080732 0.3119999966584146 0.0800000037997961 0.2773333303630352
0 0.41600001975893974 0.46666666166856885 0.11600000550970435 0.21333333104848862
0 0.37100001762155443 0.3813333292491734 0.06600000313483179 0.271999997086823
0 0.31500001496169716 0.346666662953794 0.08200000389479101 0.4159999955445528
0 0.5390000256011263 0.30533333006314933 0.058000002754852176 0.21599999768659472
0 0.7880000374279916 0.297333330148831 0.03200000151991844 0.16266666492447257
0 0.6660000316333026 0.39999999571591616 0.10000000474974513 0.43199999537318945
0 0.6910000328207389 0.21466666436754167 0.06600000313483179 0.11466666543856263
0 0.7270000345306471 0.22399999760091305 0.026000001234933734 0.06399999931454659
