0 0.08533333241939545 0.11800000560469925 0.053333332762122154 0.05200000246986747
0 0.23199999751523137 0.09000000427477062 0.0693333325907588 0.11200000531971455
0 0.5013333279639482 0.5640000267885625 0.9973333226516843 0.8720000414177775
0 0.32533332984894514 0.09100000432226807 0.04799999948590994 0.09800000465475023
0 0.37733332929201424 0.09900000470224768 0.050666666124016047 0.09000000427477062
0 0.5759999938309193 0.09700000460725278 0.053333332762122154 0.12200000579468906
0 0.17999999807216227 0.08200000389479101 0.06133333267644048 0.12000000569969416
0 0.5359999942593277 0.12100000574719161 0.03733333293348551 0.06200000294484198
0 0.6453333264216781 0.13600000645965338 0.05866666603833437 0.08400000398978591
0 0.9386666566133499 0.13400000636465847 0.12266666535288095 0.26400001253932714
