0 0.9670000459300354 0.6066666601691395 0.04600000218488276 0.19999999785795808
0 0.10500000498723239 0.5413333275355399 0.02200000104494393 0.08533333241939545
0 0.8880000421777368 0.6039999935310334 0.028000001329928637 0.19466666458174586
0 0.8470000402303413 0.6093333268072456 0.07000000332482159 0.2426666640676558
0 0.729000034625642 0.618666660040617 0.5420000257436186 0.7626666584983468
0 0.9140000434126705 0.6266666599549353 0.06800000322982669 0.21866666432470083
0 0.21500001021195203 0.5493333274498582 0.042000001994892955 0.10666666552424431
0 0.3310000157216564 0.669333326164633 0.49000002327375114 0.6613333262503147
0 0.13800000655464828 0.5386666608974338 0.028000001329928637 0.07999999914318323
0 0.9500000451225787 0.6946666592266411 0.10000000474974513 0.3439999963156879
