0 0.9850000467849895 0.5919999936595559 0.03000000142492354 0.10666666552424431
0 0.07300000346731395 0.8026666580699384 0.14200000674463809 0.39466666243970394
0 0.42400002013891935 0.5133333278354257 0.08400000398978591 0.29066666355356574
0 0.8290000393753871 0.6106666601262987 0.17400000826455653 0.29333333019167185
0 0.07100000337231904 0.4653333283495158 0.09400000446476042 0.3119999966584146
0 0.3240000153891742 0.7013333258219063 0.16800000797957182 0.3519999962300062
0 0.5180000246036798 0.5066666612401605 0.08400000398978591 0.3093333300203085
0 0.15100000717211515 0.47199999494478106 0.09800000465475023 0.3039999967440963
0 0.6550000311108306 0.5479999941308051 0.08600000408478081 0.11999999871477485
0 0.6840000324882567 0.7293333255220205 0.2320000110194087 0.47199999494478106
