0 0.4800000227987766 0.1706666648387909 0.01600000075995922 0.07466666586697102
0 0.8500000403728336 0.19466666458174586 0.03200000151991844 0.11199999880045652
0 0.30900001467671245 0.16799999820068479 0.03000000142492354 0.10133333224803209
0 0.33800001605413854 0.16666666488163173 0.03200000151991844 0.10933333216235042
0 0.11800000560469925 0.3293333298061043 0.2320000110194087 0.6533333263359964
0 0.6720000319182873 0.17733333143405616 0.09600000455975533 0.25866666389629245
0 0.9100000432226807 0.20666666445322335 0.12800000607967377 0.32266666321083903
0 0.4400000208988786 0.17866666475310922 0.020000000949949026 0.09066666569560766
0 0.3840000182390213 0.16666666488163173 0.03200000151991844 0.11466666543856263
0 0.46500002208631486 0.17733333143405616 0.018000000854954123 0.08799999905750155
0 0.5020000238437206 0.1933333312626928 0.02400000113993883 0.06133333267644048
0 0.28000001329928637 0.17199999815784395 0.028000001329928637 0.09866666560992599
