0 0.14200000674463809 0.6612499852199107 0.04800000227987766 0.07749999826774001
0 0.12300000584218651 0.6324999858625233 0.04600000218488276 0.06499999854713678
0 0.48600002308376133 0.8137499818112701 0.144000006839633 0.3724999916739762
0 0.9390000446001068 0.4599999897181988 0.03000000142492354 0.0549999987706542
0 0.20700000983197242 0.6399999856948853 0.058000002754852176 0.04999999888241291
0 0.647000030730851 0.8274999815039337 0.13400000636465847 0.3449999922886491
0 0.37100001762155443 0.8449999811127782 0.09800000465475023 0.30999999307096004
0 0.9140000434126705 0.47624998935498297 0.03200000151991844 0.03249999927356839
0 0.8060000382829458 0.8224999816156924 0.12800000607967377 0.35499999206513166
0 0.9100000432226807 0.4774999893270433 0.01600000075995922 0.024999999441206455
0 0.975000046310015 0.45749998977407813 0.026000001234933734 0.04499999899417162
