0 0.09400000446476042 0.6146666600834578 0.03200000151991844 0.06133333267644048
0 0.1250000059371814 0.6146666600834578 0.11400000541470945 0.2853333302773535
0 0.5460000259336084 0.6146666600834578 0.12400000588968396 0.29599999682977796
0 0.17200000816956162 0.5879999937023968 0.0760000036098063 0.2373333307914436
0 0.8170000388054177 0.5799999937880784 0.09000000427477062 0.3386666630394757
0 0.6240000296384096 0.5959999936167151 0.09200000436976552 0.3386666630394757
0 0.4390000208513811 0.5959999936167151 0.0780000037048012 0.2853333302773535
0 0.20800000987946987 0.6039999935310334 0.06000000284984708 0.09866666560992599
0 0.7370000350056216 0.5866666603833437 0.06200000294484198 0.3519999962300062
0 0.3840000182390213 0.6053333268500865 0.10000000474974513 0.3733333293348551
0 0.31900001515168697 0.6159999934025109 0.07000000332482159 0.346666662953794
0 0.7230000343406573 0.6413333264645189 0.1460000069346279 0.39199999580159783
0 0.26000001234933734 0.5386666608974338 0.02400000113993883 0.11733333207666874
