0 0.30700001458171755 0.5759999938309193 0.1540000073146075 0.3093333300203085
0 0.4660000221338123 0.3839999958872795 0.020000000949949026 0.04266666620969772
0 0.5640000267885625 0.3759999959729612 0.020000000949949026 0.09066666569560766
0 0.5920000281184912 0.4013333290349692 0.03600000170990825 0.13066666526719928
0 0.14500000688713044 0.5653333272784948 0.12200000579468906 0.5173333277925849
0 0.7990000379504636 0.7893333248794079 0.25400001206435263 0.421333328820765
0 0.6490000308258459 0.5333333276212215 0.1460000069346279 0.20266666449606419
0 0.4040000191889703 0.36266666278243065 0.06000000284984708 0.10133333224803209
0 0.6120000290684402 0.37999999593012035 0.03600000170990825 0.04533333284780383
0 0.41800001985393465 0.4626666617114097 0.06800000322982669 0.15733333164826035
0 0.44300002104137093 0.3786666626110673 0.034000001614913344 0.03199999965727329
0 0.3820000181440264 0.5559999940451235 0.11600000550970435 0.29599999682977796
0 0.3530000167666003 0.766666658455506 0.3020000143442303 0.46666666166856885
0 0.6490000308258459 0.46133332839235663 0.050000002374872565 0.15999999828636646
0 0.6180000293534249 0.48133332817815244 0.05200000246986747 0.173333331476897
0 0.6920000328682363 0.6653333262074739 0.21200001006945968 0.39733332907781005
