0 0.03600000170990825 0.5630630766972899 0.06800000322982669 0.5315315444022417
0 0.5400000256486237 0.6096096243709326 0.16400000778958201 0.5045045167207718
0 0.10100000479724258 0.5540540674701333 0.09800000465475023 0.5315315444022417
0 0.2220000105444342 0.4414414521306753 0.10000000474974513 0.3843843936920166
0 0.8980000426527113 0.5015015136450529 0.20400000968948007 0.9969970211386681
0 0.48600002308376133 0.672672688961029 0.308000014629215 0.6546546705067158
0 0.2630000124918297 0.5555555690079927 0.1500000071246177 0.5045045167207718
0 0.1520000072196126 0.5600600736215711 0.06400000303983688 0.4714714828878641
0 0.8760000416077673 0.38588589522987604 0.04400000208988786 0.11711711995303631
0 0.7790000370005146 0.5810810951516032 0.17000000807456672 0.8378378581255674
0 0.12600000598467886 0.3288288367912173 0.04400000208988786 0.08108108304440975
0 0.3290000156266615 0.6681681843474507 0.17400000826455653 0.6636636797338724
0 0.6200000294484198 0.5765765905380249 0.1520000072196126 0.8468468673527241
0 0.8380000398028642 0.6666666828095913 0.05200000246986747 0.11411411687731743
