0 0.8560000406578183 0.4474474582821131 0.10800000512972474 0.3123123198747635
0 0.7520000357180834 0.41291292291134596 0.09600000455975533 0.16516516916453838
0 0.4740000225137919 0.3738738829270005 0.2360000112093985 0.4294294398277998
0 0.30700001458171755 0.42042043060064316 0.226000010734424 0.5645645782351494
0 0.627000029780902 0.40840841829776764 0.1460000069346279 0.30630631372332573
0 0.8980000426527113 0.44594595674425364 0.19200000911951065 0.42342343367636204
0 0.8590000408003107 0.5975976120680571 0.28200001339428127 0.8048048242926598
0 0.5240000248886645 0.399399409070611 0.14000000664964318 0.3843843936920166
0 0.1190000056521967 0.4264264367520809 0.2340000111144036 0.6906907074153423
0 0.6850000325357541 0.39339340291917324 0.06200000294484198 0.21021021530032158
