0 0.45300002151634544 0.6653225800255314 0.04600000218488276 0.07795698917470872
0 0.7680000364780426 0.633064515539445 0.0720000034198165 0.15322580630891025
0 0.7030000333907083 0.6948924724711105 0.09400000446476042 0.27688172017224133
0 0.8380000398028642 0.6276881714584306 0.06000000284984708 0.12096774182282388
0 0.5780000274535269 0.5967741929925978 0.04800000227987766 0.11827956978231668
0 0.8050000382354483 0.5846774188103154 0.04600000218488276 0.05107526876963675
0 0.21500001021195203 0.8131720422534272 0.12600000598467886 0.35215053730644286
0 0.9620000456925482 0.6088709671748802 0.0760000036098063 0.12634408590383828
0 0.9540000453125685 0.5618279564660043 0.06000000284984708 0.08064516121521592
0 0.9390000446001068 0.6236559133976698 0.10600000503472984 0.12365591386333108
0 0.4130000196164474 0.823924730415456 0.17400000826455653 0.35215053730644286
0 0.986000046832487 0.47715053719002753 0.028000001329928637 0.08333333325572312
0 0.56500002683606 0.7110215047141537 0.09800000465475023 0.3037634405773133
0 0.51400002441369 0.7634408595040441 0.10800000512972474 0.25806451588869095
0 0.3510000166716054 0.6881720423698425 0.09000000427477062 0.13978494610637426
0 0.6320000300183892 0.6948924724711105 0.06000000284984708 0.2876344083342701
