0 0.30500001448672265 0.6266666599549353 0.13000000617466867 0.5813333271071315
0 0.9200000436976552 0.6506666596978903 0.1600000075995922 0.6986666591838002
0 0.5720000271685421 0.6226666599977762 0.27600001310929656 0.5893333270214498
0 0.6830000324407592 0.6253333266358823 0.1460000069346279 0.6266666599549353
0 0.8100000384729356 0.6333333265502006 0.14000000664964318 0.669333326164633
0 0.4680000222288072 0.5679999939166009 0.18400000873953104 0.49599999468773603
0 0.07500000356230885 0.6706666594836861 0.1460000069346279 0.6586666596122086
0 0.3920000186190009 0.5399999942164868 0.10000000474974513 0.42933332873508334
0 0.1890000089770183 0.6613333262503147 0.12600000598467886 0.543999994173646
0 0.4400000208988786 0.6826666593551636 0.12400000588968396 0.6026666602119803
