0 0.9800000465475023 0.4456193349324167 0.04000000189989805 0.160120845772326
0 0.7350000349106267 0.5060422956012189 0.11000000522471964 0.19033232610672712
0 0.523000024841167 0.5362537759356201 0.10600000503472984 0.19637462217360735
0 0.8970000426052138 0.5543806641362607 0.13000000617466867 0.2507552867755294
0 0.9530000452650711 0.4441087609156966 0.09400000446476042 0.187311178073287
0 0.40800001937896013 0.6903323256410658 0.10400000493973494 0.4441087609156966
0 0.6190000294009224 0.4909365554340184 0.09400000446476042 0.20241691824048758
0 0.8970000426052138 0.6722054374404252 0.17800000845454633 0.3655589120462537
0 0.6560000311583281 0.4486404829658568 0.05200000246986747 0.12386706937104464
0 0.7110000337706879 0.7598187304101884 0.19000000902451575 0.4199395766481757
0 0.534000025363639 0.7567975823767483 0.18000000854954123 0.4199395766481757
