0 0.904000042937696 0.5542168468236923 0.1520000072196126 0.34939757734537125
0 0.5890000279759988 0.6792168421670794 0.3180000151041895 0.6415662411600351
0 0.12400000588968396 0.7168674431741238 0.2200000104494393 0.5662650391459465
0 0.043000002042390406 0.6927710585296154 0.08200000389479101 0.6144578084349632
0 0.8390000398503616 0.7409638278186321 0.2340000111144036 0.5180722698569298
0 0.1560000074096024 0.7108433470129967 0.20400000968948007 0.5783132314682007
0 0.2010000095469877 0.4999999813735485 0.06600000313483179 0.1867469809949398
0 0.4810000228462741 0.43072287552058697 0.14200000674463809 0.4397590197622776
0 0.26400001253932714 0.5060240775346756 0.11200000531971455 0.4879517890512943
0 0.35800001700408757 0.43825299572199583 0.13600000645965338 0.44277106784284115
0 0.5790000275010243 0.6234939526766539 0.18600000883452594 0.5542168468236923
