0 0.3020000143442303 0.3588588675484061 0.02400000113993883 0.10510510765016079
0 0.020000000949949026 0.3948949044570327 0.03600000170990825 0.3573573660105467
0 0.2240000106394291 0.3288288367912173 0.01600000075995922 0.045045046135783195
0 0.28200001339428127 0.3963964059948921 0.02400000113993883 0.18618619069457054
0 0.20300000964198261 0.49849851056933403 0.06200000294484198 0.1321321353316307
0 0.51400002441369 0.25825826451182365 0.0760000036098063 0.09609609842300415
0 0.0720000034198165 0.41291292291134596 0.04800000227987766 0.3093093167990446
0 0.16900000802706927 0.4024024121463299 0.06200000294484198 0.324324332177639
0 0.12900000612717122 0.42042043060064316 0.03800000180490315 0.28828829526901245
0 0.3240000153891742 0.34834835678339005 0.028000001329928637 0.060060061514377594
0 0.20800000987946987 0.3663663752377033 0.028000001329928637 0.15615615993738174
0 0.25800001225434244 0.42342343367636204 0.04000000189989805 0.2702702768146992
0 0.24200001149438322 0.43093094136565924 0.03200000151991844 0.26126126758754253
0 0.10000000474974513 0.40840841829776764 0.03600000170990825 0.3123123198747635
0 0.04700000223238021 0.3948949044570327 0.03000000142492354 0.3273273352533579
