0 0.1930000091670081 0.6906666592694819 0.3820000181440264 0.618666660040617
0 0.5390000256011263 0.3613333294633776 0.10600000503472984 0.3066666633822024
0 0.729000034625642 0.5399999942164868 0.17800000845454633 0.5893333270214498
0 0.5980000284034759 0.8306666577700526 0.2280000108294189 0.3386666630394757
0 0.3680000174790621 0.593333326978609 0.13200000626966357 0.743999992031604
0 0.8640000410377979 0.5813333271071315 0.19200000911951065 0.693333325907588
0 0.17500000831205398 0.5639999939594418 0.34200001624412835 0.866666657384485
0 0.5390000256011263 0.6719999928027391 0.24200001149438322 0.6559999929741025
0 0.33200001576915383 0.28799999691545963 0.06400000303983688 0.19199999794363976
0 0.4580000217538327 0.6079999934881926 0.10400000493973494 0.421333328820765
