0 0.7700000365730375 0.2777777810115367 0.16400000778958201 0.49019608413800597
0 0.34000001614913344 0.16339869471266866 0.09600000455975533 0.27450980711728334
0 0.49600002355873585 0.3872549064690247 0.16400000778958201 0.5522875881288201
0 0.9480000450275838 0.3055555591126904 0.10400000493973494 0.604575170436874
0 0.026000001234933734 0.1209150340873748 0.04800000227987766 0.1568627469241619
0 0.19600000930950046 0.2303921595448628 0.09600000455975533 0.45424837130121887
0 0.5930000281659886 0.3921568673104048 0.09000000427477062 0.47058824077248573
0 0.08200000389479101 0.22385621175635606 0.10000000474974513 0.4019607889931649
0 0.8910000423202291 0.29901961132418364 0.08200000389479101 0.5130719013977796
0 0.6660000316333026 0.2826797418529168 0.10400000493973494 0.4477124235127121
