0 0.4324324429035187 0.6880000326782465 0.042042043060064316 0.04800000227987766
0 0.5540540674701333 0.71800003410317 0.07507507689297199 0.10000000474974513
0 0.4669669782742858 0.7080000336281955 0.051051052287220955 0.11600000550970435
0 0.8153153350576758 0.7240000343881547 0.03303303383290768 0.04000000189989805
0 0.9909910149872303 0.7040000334382057 0.018018018454313278 0.06800000322982669
0 0.9099099319428205 0.7060000335332006 0.036036036908626556 0.04400000208988786
0 0.8243243442848325 0.6910000328207389 0.027027027681469917 0.03000000142492354
0 0.5090090213343501 0.7170000340556726 0.057057058438658714 0.06200000294484198
0 0.3648648736998439 0.7330000348156318 0.057057058438658714 0.050000002374872565
0 0.5960961105301976 0.7150000339606777 0.051051052287220955 0.10600000503472984
0 0.53603604901582 0.6820000323932618 0.027027027681469917 0.02400000113993883
0 0.8888889104127884 0.7150000339606777 0.024024024605751038 0.050000002374872565
0 0.08558558765798807 0.7120000338181853 0.039039039984345436 0.06800000322982669
0 0.6651651812717319 0.689000032725744 0.051051052287220955 0.050000002374872565
0 0.7822823012247682 0.7110000337706879 0.03303303383290768 0.03800000180490315
