0 0.9050000429851934 0.7399999920744449 0.19000000902451575 0.33333332976326346
0 0.7060000335332006 0.6999999925028533 0.11200000531971455 0.16266666492447257
0 0.04700000223238021 0.5333333276212215 0.09000000427477062 0.11199999880045652
0 0.22900001087691635 0.4653333283495158 0.07000000332482159 0.15199999837204814
0 0.8330000395653769 0.7253333255648613 0.10200000484474003 0.15466666501015425
0 0.5720000271685421 0.6253333266358823 0.0800000037997961 0.1359999985434115
0 0.574000027263537 0.5959999936167151 0.11200000531971455 0.19999999785795808
0 0.46300002199131995 0.5733333271928132 0.07000000332482159 0.12799999862909317
0 0.6820000323932618 0.5519999940879643 0.12000000569969416 0.33066666312515736
0 0.5040000239387155 0.5893333270214498 0.0760000036098063 0.14399999845772982
0 0.42400002013891935 0.5226666610687971 0.04400000208988786 0.10133333224803209
0 0.6700000318232924 0.6666666595265269 0.0800000037997961 0.1386666651815176
0 0.12100000574719161 0.5773333271499723 0.050000002374872565 0.26399999717250466
0 0.39900001895148307 0.7346666587982327 0.17800000845454633 0.5306666609831154
0 0.1890000089770183 0.6613333262503147 0.17800000845454633 0.6773333260789514
0 0.021000000997446477 0.5826666604261845 0.03800000180490315 0.13066666526719928
