0 0.2280000108294189 0.5013333279639482 0.05600000265985727 0.11199999880045652
0 0.8270000392803922 0.5639999939594418 0.05400000256486237 0.3119999966584146
0 0.24800001177936792 0.6053333268500865 0.09200000436976552 0.25599999725818634
0 0.10200000484474003 0.5279999943450093 0.05200000246986747 0.20266666449606419
0 0.39500001876149327 0.5666666605975479 0.11800000560469925 0.4879999947734177
0 0.49200002336874604 0.5879999937023968 0.1560000074096024 0.6106666601262987
0 0.339000016101636 0.5533333274070174 0.08200000389479101 0.17866666475310922
0 0.288000013679266 0.5213333277497441 0.05200000246986747 0.16799999820068479
0 0.6120000290684402 0.5639999939594418 0.1520000072196126 0.6479999930597842
0 0.15500000736210495 0.5066666612401605 0.058000002754852176 0.1386666651815176
