0 0.4660000221338123 0.41733332886360586 0.0720000034198165 0.15733333164826035
0 0.7580000360030681 0.11733333207666874 0.020000000949949026 0.04266666620969772
0 0.7990000379504636 0.6386666598264128 0.4020000190939754 0.7226666589267552
0 0.7350000349106267 0.21333333104848862 0.03800000180490315 0.07466666586697102
0 0.7700000365730375 0.21733333100564778 0.03600000170990825 0.07199999922886491
0 0.44500002113636583 0.19999999785795808 0.11800000560469925 0.2506666639819741
0 0.39100001857150346 0.40933332894928753 0.12600000598467886 0.2799999970011413
0 0.554000026313588 0.09599999897181988 0.03600000170990825 0.06399999931454659
0 0.12700000603217632 0.48399999481625855 0.226000010734424 0.46666666166856885
0 0.6540000310633332 0.40533332899212837 0.25200001196935773 0.32533332984894514
0 0.7580000360030681 0.5853333270642906 0.3200000151991844 0.6853333259932697
0 0.6060000287834555 0.2106666644103825 0.05200000246986747 0.11199999880045652
0 0.308000014629215 0.4399999952875078 0.2360000112093985 0.3519999962300062
0 0.06600000313483179 0.21466666436754167 0.03600000170990825 0.11999999871477485
