0 0.144000006839633 0.5133333278354257 0.06400000303983688 0.18933333130553365
0 0.49800002365373075 0.3026666634250432 0.2400000113993883 0.5306666609831154
0 0.08800000417977571 0.6746666594408453 0.0760000036098063 0.21333333104848862
0 0.6750000320607796 0.3293333298061043 0.13000000617466867 0.42933332873508334
0 0.06400000303983688 0.6573333262931556 0.12400000588968396 0.6586666596122086
0 0.8600000408478081 0.5839999937452376 0.25200001196935773 0.8319999910891056
0 0.21400001016445458 0.6373333265073597 0.18000000854954123 0.42666666209697723
0 0.6030000286409631 0.6373333265073597 0.41000001947395504 0.7253333255648613
0 0.34200001624412835 0.518666661111638 0.06800000322982669 0.18933333130553365
0 0.25600001215934753 0.5466666608117521 0.11200000531971455 0.3893333291634917
