0 0.7620000361930579 0.7653333251364529 0.11200000531971455 0.2826666636392474
0 0.8350000396603718 0.7599999918602407 0.13000000617466867 0.33066666312515736
0 0.3430000162916258 0.7039999924600124 0.034000001614913344 0.10666666552424431
0 0.2630000124918297 0.7039999924600124 0.03800000180490315 0.14933333173394203
0 0.12200000579468906 0.7866666582413018 0.10400000493973494 0.33599999640136957
0 0.5180000246036798 0.815999991260469 0.12800000607967377 0.36799999605864286
0 0.6090000289259478 0.8146666579414159 0.21400001016445458 0.37066666269674897
0 0.2980000141542405 0.7333333254791796 0.03200000151991844 0.07999999914318323
0 0.02400000113993883 0.7693333250936121 0.04400000208988786 0.32799999648705125
0 0.45900002180133015 0.7653333251364529 0.20600000978447497 0.29866666346788406
0 0.06300000299233943 0.7799999916460365 0.07000000332482159 0.32266666321083903
0 0.20200000959448516 0.7119999923743308 0.05200000246986747 0.18133333139121532
