0 0.8210000389954075 0.48933332809247077 0.03000000142492354 0.09333333233371377
0 0.8960000425577164 0.5053333279211074 0.03600000170990825 0.13066666526719928
0 0.5770000274060294 0.6213333266787231 0.226000010734424 0.21866666432470083
0 0.7450000353856012 0.6093333268072456 0.14200000674463809 0.40266666235402226
0 0.23700001125689596 0.5399999942164868 0.11800000560469925 0.6586666596122086
0 0.924000043887645 0.49866666132584214 0.03600000170990825 0.12799999862909317
0 0.8430000400403515 0.5013333279639482 0.042000001994892955 0.11733333207666874
0 0.41000001947395504 0.6586666596122086 0.16400000778958201 0.2399999974295497
0 0.5400000256486237 0.7759999916888773 0.24400001158937812 0.2826666636392474
0 0.6660000316333026 0.618666660040617 0.08400000398978591 0.15466666501015425
