0 0.30900001467671245 0.7799999916460365 0.14200000674463809 0.42933332873508334
0 0.22900001087691635 0.5319999943021685 0.14200000674463809 0.3493333295919001
0 0.5840000277385116 0.815999991260469 0.13600000645965338 0.36799999605864286
0 0.3660000173840672 0.49599999468773603 0.12400000588968396 0.2826666636392474
0 0.6440000305883586 0.49866666132584214 0.11600000550970435 0.28799999691545963
0 0.4770000226562843 0.7773333250079304 0.16600000788457692 0.44533332856372
0 0.7280000345781446 0.5226666610687971 0.12000000569969416 0.346666662953794
0 0.7190000341506675 0.791999991517514 0.226000010734424 0.4159999955445528
0 0.46700002218130976 0.5026666612830013 0.09400000446476042 0.2799999970011413
0 0.18800000892952085 0.8319999910891056 0.1600000075995922 0.33599999640136957
0 0.5610000266460702 0.5013333279639482 0.09400000446476042 0.26666666381061077
