0 0.8160000387579203 0.4773333282209933 0.11600000550970435 0.3199999965727329
0 0.5520000262185931 0.6786666593980044 0.18000000854954123 0.5093333278782666
0 0.6900000327732414 0.5879999937023968 0.06800000322982669 0.46666666166856885
0 0.3610000171465799 0.7266666588839144 0.21000000997446477 0.5466666608117521
0 0.06200000294484198 0.40933332894928753 0.12000000569969416 0.3119999966584146
0 0.6260000297334045 0.470666661625728 0.10800000512972474 0.3173333299346268
0 0.3960000188089907 0.4559999951161444 0.1560000074096024 0.3413333296775818
0 0.9390000446001068 0.6626666595693678 0.12200000579468906 0.4559999951161444
0 0.03000000142492354 0.5759999938309193 0.05600000265985727 0.42666666209697723
0 0.2400000113993883 0.4933333280496299 0.1600000075995922 0.39999999571591616
