0 0.20300000964198261 0.22523961262777448 0.09800000465475023 0.24600638542324305
0 0.43000002042390406 0.37220446625724435 0.05200000246986747 0.29073481913655996
0 0.8380000398028642 0.3833865746855736 0.04400000208988786 0.2236421685665846
0 0.8900000422727317 0.37380191031843424 0.02400000113993883 0.19808306358754635
0 0.76900003652554 0.2731629344634712 0.042000001994892955 0.10543130803853273
0 0.12300000584218651 0.24920127354562283 0.09800000465475023 0.33865814097225666
0 0.2590000123018399 0.26198082603514194 0.0780000037048012 0.319488812237978
0 0.4680000222288072 0.3961661271750927 0.03600000170990825 0.15335462987422943
0 0.9250000439351425 0.38977635093033314 0.034000001614913344 0.18530351109802723
0 0.8720000414177775 0.38817890686914325 0.03600000170990825 0.2204472804442048
0 0.5280000250786543 0.44888178119435906 0.0720000034198165 0.16932907048612833
0 0.7390000351006165 0.37539935437962413 0.07000000332482159 0.24600638542324305
