0 0.48606247901916505 0.18091073036193847 0.06369686126708984 0.09336419105529785
0 0.44193094873577293 0.7452462229862749 0.07389068603515625 0.11050724983215332
0 0.8254590034484863 0.8442919015884399 0.07741432189941407 0.12799468040466308
0 0.9044482231140136 0.7454195022583008 0.046333694458007814 0.11915264129638672
0 0.3461557388305664 0.1922973334789276 0.05841550827026367 0.09610534906387329
0 0.34259371757507323 0.27528996467590333 0.09021358489990235 0.10826458930969238
0 0.7867956161499023 0.5416580200195312 0.05733928680419922 0.12441701889038086
0 0.6828497409820556 0.5694236755371094 0.06262521743774414 0.11897993087768555
0 0.560537691086544 0.10500335536302068 0.06080427169799805 0.11189506649971011
0 0.8671834945678711 0.7926682472229004 0.061881637573242186 0.13465938568115235
0 0.6411980152130127 0.620038366317749 0.06470785140991211 0.13052606582641602
0 0.8543886184692383 0.37106168270111084 0.044568443298339845 0.10498280525207519
0 0.8601691246032714 0.2655591249465942 0.03806495666503906 0.09581832885742188
0 0.9749537467956543 0.42060827016830443 0.042354774475097653 0.10280182361602783
0 0.04641617089509964 0.24574897289276124 0.0898057073354721 0.10312223434448242
0 0.2808876276760961 0.7924607505440872 0.10527567863464356 0.13288536071777343
0 0.13184566497802735 0.37194066047668456 0.09476027488708497 0.11985139846801758
0 0.7375039220228624 0.29629934260697305 0.055678939819335936 0.10865278244018554
0 0.590043306350708 0.5141560554504394 0.05742921829223633 0.10955343246459961
0 0.7925092435106535 0.1748921970978532 0.041295194625854494 0.08544983863830569
0 0.6203258991241455 0.4866336345672607 0.07110738754272461 0.13319835662841797
0 0.028019733486937308 0.4177414107035442 0.05596410286102061 0.10656715875648591
0 0.3239163637161255 0.34658585786819457 0.06570425033569335 0.11491582393646241
0 0.1213102841153841 0.2682713389024305 0.08254292011260986 0.11897339820861816
0 0.17298810196369682 0.2968353189990118 0.08447954654693604 0.11485805511474609
0 0.21675506018996507 0.2619915108338151 0.07528338432312012 0.1223691463470459
0 0.34493529674252565 0.7515618027666221 0.06693440428380189 0.11601963409192327
0 0.7744310575635878 0.2640562248995984 0.04908522980812117 0.10932619366354307
0 0.7738732708612228 0.21775992860330212 0.039045069165551165 0.09482373940205265
0 0.9849230254350737 0.14342369477911648 0.02830209727800092 0.12241186970102629
0 0.8988174921909863 0.23895582329317272 0.050200803212851496 0.11267291387773315
0 0.8804105310129406 0.21608656849620708 0.0602409638554215 0.10932619366354304
0 0.8486166889781348 0.16086568496207054 0.039045069165551165 0.07028112449799195
0 0.8067826863007587 0.15919232485497548 0.051316376617581407 0.09593931280678265
0 0.5273315484158858 0.06157965194109778 0.05466309683177155 0.07920571173583223
0 0.26740294511378854 0.286367692994199 0.04350736278447121 0.07809013833110218
0 0.2908299866131192 0.37394020526550653 0.05020080321285139 0.11044176706827305
0 0.07775546630968325 0.39904060687193216 0.06358768406961181 0.11825078090138334
0 0.07440874609549315 0.2060464078536368 0.05689424364123162 0.09370816599732261
0 0.13632307005800987 0.15640339134315043 0.049085229808121376 0.07697456492637211
0 0.20325747434181174 0.19321731369924144 0.060240963855421714 0.09259259259259259
0 0.1608656849620706 0.2222222222222222 0.03123605533244087 0.07920571173583221
0 0.16142347166443555 0.5792057117358322 0.06358768406961175 0.11936635430611331
0 0.20437304774654177 0.5529897367246766 0.08701472556894242 0.13833110218652395
0 0.2696340919232486 0.5262159750111558 0.07251227130745196 0.12717536813922356
0 0.31871932173136996 0.4916331994645248 0.09482373940205262 0.14279339580544403
0 0.12182061579651947 0.47657295850066944 0.07585899152164215 0.09482373940205273
0 0.17983043284248112 0.4592815707273539 0.06916555109326192 0.1004016064257029
0 0.2350513163766177 0.4325078090138332 0.06804997768853191 0.10263275323516285
0 0.22389558232931733 0.37840249888442656 0.07028112449799193 0.08366800535475234
