0 0.410283717636762 0.18166259431987936 0.05640993118286133 0.0907827377319336
0 0.7732638835906982 0.8049381494522094 0.07635259628295898 0.12254099845886231
0 0.5145657539367676 0.786578893661499 0.06463308334350586 0.09187459945678711
0 0.7193648338317871 0.5201709747314454 0.0650848388671875 0.13265352249145507
0 0.5165156688928497 0.055674574550429096 0.04418707183299986 0.11252412176036454
0 0.854372787475586 0.7234954357147216 0.06370906829833985 0.13242874145507813
0 0.9786471366882324 0.41944360733032227 0.042705726623535153 0.10296964645385742
0 0.8112372398376465 0.7653712749481201 0.0599395751953125 0.12914857864379883
0 0.5849032402038574 0.5820851802825928 0.07502861022949218 0.0940237045288086
0 0.3885155081748962 0.8041854858398437 0.08340170383453369 0.10685920715332031
0 0.5348333358764649 0.4842518329620361 0.06453056335449218 0.12473945617675782
0 0.6210418224334717 0.5498983860015869 0.0726363182067871 0.13159360885620117
0 0.5579173579379844 0.4436681442365004 0.06121530532836914 0.10547025203704834
0 0.4073468089103699 0.7819837093353271 0.06963636875152587 0.11058149337768555
0 0.9032797858099064 0.4230254350736279 0.05243195002231152 0.09928603302097283
0 0.5479696564033913 0.10062472110664887 0.051316376617581407 0.10597947344935296
0 0.9607318161535029 0.1709058456046408 0.040160642570281284 0.1149040606871932
0 0.9821340919232486 0.18186635430611336 0.033879964301651085 0.08997099509147699
0 0.9826918786256135 0.22594823739402053 0.03276439089692097 0.1045069165551093
0 0.03034359660865691 0.3899933065595716 0.049085229808121376 0.12072735385988398
0 0.7074966532797858 0.28023203926818385 0.05354752342704143 0.12382864792503347
0 0.8028781793842035 0.27576974564926376 0.04350736278447121 0.12159750111557338
0 0.8435966086568497 0.2423025435073628 0.05577867023650166 0.11713520749665328
0 0.8078982597054887 0.20381526104417672 0.049085229808121376 0.09817045961624274
0 0.8101294065149488 0.16309683177153061 0.051316376617581407 0.10151717983043283
0 0.7643908969210175 0.14190093708166002 0.05354752342704143 0.09259259259259256
0 0.7576974564926372 0.18540829986613125 0.05354752342704164 0.09482373940205265
0 0.711401160196341 0.20046854082998666 0.05466309683177155 0.09817045961624275
0 0.7281347612672915 0.24509147701918785 0.06581883087907167 0.10932619366354304
0 0.286925479696564 0.18261936635430615 0.08701472556894242 0.10263275323516284
0 0.10899152164212408 0.5513163766175815 0.08366800535475229 0.12829094154395362
0 0.15082552431950028 0.5223114680946007 0.08924587237840255 0.11490406068719326
0 0.212739848282017 0.5011155734047301 0.0858991521642123 0.12829094154395368
0 0.2551316376617582 0.45983935742971893 0.08366800535475229 0.1372155287817939
0 0.06492637215528789 0.46151271753681394 0.07809013833110218 0.1182507809013833
0 0.12907184292726467 0.43418116912092825 0.06358768406961175 0.105979473449353
0 0.17536813922356098 0.40908076751450245 0.0758589915216422 0.1137884872824632
0 0.17090584560464087 0.37115127175368146 0.06247211066488174 0.11825078090138334
0 0.2411869701026328 0.3672467648371263 0.06916555109326201 0.1327532351628737
0 0.27967425256581885 0.33266398929049534 0.0769745649263721 0.11713520749665328
0 0.2077197679607319 0.28469433288710394 0.07585899152164209 0.11044176706827305
0 0.07775546630968322 0.354975457385096 0.06804997768853191 0.09036144578313252
0 0.06102186523873277 0.28302097278000893 0.06358768406961175 0.11601963409192324
0 0.11512717536813928 0.26907630522088355 0.06470325747434182 0.11267291387773315
0 0.09170013386880864 0.15696117804551543 0.04685408299866135 0.08478357875948235
0 0.15138331102186528 0.17481035252119595 0.06581883087907188 0.08032128514056225
0 0.12126282909415449 0.2250111557340473 0.05020080321285139 0.0870147255689424
0 0.0548862115127176 0.23226238286479253 0.049085229808121376 0.11267291387773315
0 0.02253458277554672 0.20827755466309691 0.0423917893797412 0.09817045961624278
0 0.25792057117358325 0.2595939312806783 0.06693440428380189 0.10932619366354304
