0 0.5976695060729981 0.4603133201599121 0.07188711166381836 0.11635713577270508
0 0.7334976673126221 0.6444474697113037 0.049275970458984374 0.13091058731079103
0 0.8952911376953125 0.643749189376831 0.07583351135253906 0.12351198196411133
0 0.9786455631256104 0.42548094176650303 0.0427088737487793 0.10477256774902338
0 0.5697734355926514 0.08301981091499329 0.04261150360107422 0.09775947332382202
0 0.6796911239624024 0.8900534629821777 0.05738229751586914 0.09778366088867188
0 0.6995312690734863 0.7101577281951904 0.07251930236816406 0.14981184005737305
0 0.5364274978637695 0.06377842426300048 0.033902454376220706 0.10461328029632569
0 0.8984275469765073 0.27694408413769145 0.038634300231933594 0.1165463924407959
0 0.654308271408081 0.7378083229064941 0.06743421554565429 0.12253503799438477
0 0.43565216064453127 0.4330559730529785 0.07850818634033203 0.12233686447143555
0 0.5219842433929444 0.4985805988311768 0.06594619750976563 0.08925533294677734
0 0.47280058860778806 0.3983294486999512 0.07111053466796875 0.12829647064208985
0 0.549283218383789 0.8708056449890137 0.07495641708374023 0.10164432525634766
0 0.026397031367436867 0.6401558622618119 0.05251606667164131 0.15810862353527885
0 0.5294815063476562 0.9030169486999512 0.08650426864624024 0.10578250885009766
0 0.987355775441617 0.22504162788391113 0.02604703903198242 0.10382280349731446
0 0.4638521194458008 0.5332452297210694 0.07799272537231446 0.11190528869628906
0 0.2741807680159794 0.18394286106974356 0.06488327980041504 0.13616309165954596
0 0.8909488935440791 0.17448593092411563 0.033994102478027345 0.07207436561584481
0 0.5819946452476573 0.2885988398036591 0.061356537260151826 0.10709504685408296
0 0.6199241410084784 0.25290049085229815 0.047969656403391264 0.10040160642570284
0 0.5864569388665775 0.21497099509147705 0.0591253904506918 0.09593931280678271
0 0.6929941990182954 0.2824631860776439 0.049085229808121376 0.09036144578313252
0 0.7337126282909416 0.24676483712628292 0.05689424364123157 0.11044176706827308
0 0.6818384649709951 0.22612672913877738 0.05577867023650145 0.10709504685408298
0 0.6606425702811246 0.18485051316376622 0.05800981704596169 0.09370816599732261
0 0.7063810798750558 0.1658857652833557 0.051316376617581407 0.08701472556894242
0 0.67793395805444 0.15361445783132535 0.05243195002231131 0.11155734047300311
0 0.886546184738956 0.2199910754127622 0.05020080321285129 0.0992860330209728
0 0.035363676929942044 0.5713966979027221 0.07028112449799198 0.110441767068273
0 0.06365740740740741 0.18628747795414463 0.08101851851851852 0.11243386243386246
0 0.03169091710758378 0.21660052910052913 0.05787037037037038 0.0914902998236332
0 0.13944003527336862 0.20419973544973546 0.06613756613756615 0.08212081128747796
0 0.13944003527336862 0.2455357142857143 0.06283068783068782 0.09314373897707232
0 0.08019179894179894 0.26399911816578486 0.0556657848324515 0.08156966490299825
0 0.2132936507936508 0.2978946208112875 0.07385361552028216 0.12180335097001763
0 0.16148589065255733 0.31415343915343913 0.07275132275132276 0.11353615520282184
0 0.10389109347442682 0.335923721340388 0.064484126984127 0.09865520282186953
0 0.15873015873015875 0.4086750440917108 0.08046737213403879 0.11518959435626104
0 0.10857583774250441 0.44229497354497355 0.08156966490299825 0.10857583774250446
0 0.0631062610229277 0.46103395061728397 0.08542768959435626 0.1295194003527337
0 0.04078483245149912 0.5081569664902998 0.08046737213403879 0.12566137566137572
0 0.023688271604938273 0.39351851851851855 0.04794973544973546 0.06723985890652555
0 0.06696428571428573 0.37009479717813054 0.06889329805996473 0.09865520282186947
0 0.016809964726631394 0.3246252204585538 0.03251763668430335 0.09038800705467374
