0 0.5958873748779296 0.6643831253051757 0.06198663711547851 0.11292486190795899
0 0.5312016487121582 0.4306125283241272 0.07327756881713868 0.11403720378875733
0 0.9680739402770996 0.4169106364250183 0.048449134826660155 0.10466177463531494
0 0.4553900048755099 0.8720125051972485 0.07583310939221988 0.14049979843554994
0 0.5221551818966812 0.30295938584805593 0.07013454437255859 0.1398714542388916
0 0.9287905693054199 0.643626070022583 0.06715946197509766 0.12190704345703125
0 0.35891332626342776 0.568797254562378 0.0770829200744629 0.12596349716186522
0 0.41674592159838075 0.4893382616311192 0.0931218147277832 0.15516815185546876
0 0.6847321744158779 0.2669173445567548 0.055584049224853514 0.11553893089294417
0 0.38410344123840334 0.2415477752685547 0.07524232864379883 0.12989521026611328
0 0.5681094646453857 0.22929575443267822 0.05386133193969726 0.10640945434570312
0 0.28654626881847534 0.3483987560446695 0.07661741327781976 0.1374490069577013
0 0.13746414482593536 0.41891188621520997 0.09802841544151306 0.11139001846313476
0 0.27103891372680666 0.7092177391052246 0.09527382850646973 0.10036001205444336
0 0.42928367853164673 0.18258345127105713 0.07703597545623779 0.1201164722442627
0 0.17838357090950013 0.3957314848899841 0.07162326574325562 0.10969040393829346
0 0.18278591442406047 0.32881163210275177 0.08462066650390625 0.1526290416717528
0 0.4029877781867981 0.2110924243927002 0.06085689067840576 0.10779170989990235
0 0.21772251083402955 0.24491373395770852 0.0625687599182129 0.10489211082458497
0 0.28531461142897874 0.18522117543518415 0.07732548713684081 0.10272330045700076
0 0.49832663989290493 0.816822846943329 0.07920571173583218 0.09705488621151274
0 0.38788487282463185 0.534024988844266 0.09482373940205262 0.12717536813922364
0 0.5373717090584561 0.2556894243641232 0.05689424364123157 0.11490406068719324
0 0.7069388665774209 0.2439759036144579 0.05020080321285129 0.09370816599732264
0 0.13911200356983494 0.34605087014725566 0.08143685854529226 0.12829094154395357
0 0.1898705934850514 0.25903614457831325 0.07139669790272204 0.11713520749665325
0 0.24620705042391797 0.21775992860330212 0.05020080321285139 0.08143685854529226
0 0.2674029451137885 0.26796073181615354 0.07474341811691208 0.10821062025881302
0 0.03168228469433292 0.20904730031236057 0.06492637215528786 0.11894243641231599
