0 0.3132307052612305 0.5482309818267822 0.09390583038330078 0.12040863037109376
0 0.8581880569458006 0.5926277856856571 0.05661964416503906 0.12631769180297853
0 0.48264447926730253 0.4106891541436335 0.07885904312133789 0.11625499725341802
0 0.5276094436645508 0.6242759704589844 0.07779407501220703 0.10220508575439453
0 0.3312544822692871 0.7443828582763672 0.07911067008972168 0.09940004348754883
0 0.5555021996691736 0.9174577669605833 0.08423366546630859 0.15109119415283234
0 0.6433741852514772 0.25424413252281114 0.04578451508126696 0.09994546989413688
0 0.967137943746149 0.39841538526712905 0.05115318298339844 0.10369081497192383
0 0.4506561291850821 0.2897999188560612 0.05079909460398829 0.11361747598711905
0 0.14801213323325252 0.31507510849536924 0.09980687499046326 0.1345292568206787
0 0.49474972082748303 0.2214397262218328 0.049740405510387754 0.11110792187695422
0 0.34054066190119575 0.5033423804428258 0.06903023353808166 0.11712652795392457
0 0.23690447807312012 0.31485371589660643 0.0851806640625 0.13068456649780275
0 0.31147263050079343 0.2457453966140747 0.05802621841430664 0.1007652759552002
0 0.36007490158081057 0.21712312698364258 0.06482243537902832 0.11115860939025879
0 0.08250107020139694 0.41005104780197144 0.08519991934299469 0.10625498294830323
0 0.11991033909683627 0.37433421842118875 0.0841418385399286 0.11188488756636866
0 0.4025632910460352 0.20475484629871055 0.06992394924163813 0.0980242848396301
0 0.30022707419542266 0.24823730037660272 0.10588717460632324 0.11446623802185059
0 0.16445733308792115 0.23330843448638916 0.045394086837768556 0.08624491691589356
0 0.5769745649263722 0.8519634091923249 0.060240963855421714 0.09147701918786258
0 0.6545069165551094 0.23728246318607765 0.045738509593931234 0.09593931280678268
0 0.3627844712182062 0.46987951807228917 0.08924587237840255 0.12829094154395357
0 0.4715528781793843 0.2646140116019634 0.07028112449799198 0.11713520749665325
0 0.049308344489067464 0.2735385988398037 0.06024096385542166 0.09705488621151272
0 0.08500669344042845 0.32429718875502006 0.06247211066488174 0.09593931280678268
0 0.12851405622489967 0.25401606425702816 0.07809013833110212 0.11378848728246317
0 0.19265952699687647 0.213855421686747 0.05689424364123157 0.10263275323516285
0 0.2205488621151272 0.18038821954484607 0.07920571173583224 0.09817045961624275
0 0.3717090584560465 0.16755912539045073 0.06916555109326192 0.09928603302097276
