0 0.6465079307556152 0.48323612213134765 0.06853199005126953 0.12021846771240234
0 0.9776206493377686 0.4168992519378662 0.04475870132446289 0.10469884872436523
0 0.17899056673049926 0.48003549575805665 0.10573370456695556 0.11639490127563476
0 0.20727943778038024 0.2914739608764648 0.06743961572647095 0.10065398216247559
0 0.8267078399658203 0.5112515449523926 0.05025138854980469 0.10166463851928711
0 0.9154774665832519 0.6277177810668946 0.06843338012695313 0.11253671646118164
0 0.3317112445831299 0.35597524642944334 0.09617891311645507 0.11401748657226562
0 0.5792599201202393 0.34988296031951904 0.05046968460083008 0.1156766414642334
0 0.9510476112365722 0.16923502683639527 0.046994781494140624 0.09345123767852784
0 0.49524455862960026 0.24944558308901157 0.05663719177246094 0.11028265953063965
0 0.317778205871582 0.5276806831359864 0.07797608375549317 0.09956159591674804
0 0.5720928192138672 0.8921161651611328 0.07926673889160156 0.11563472747802735
0 0.021335324645042418 0.5265082359313965 0.042670649290084836 0.10285806655883789
0 0.24644229412078858 0.40909953117370607 0.08936433792114258 0.11336288452148438
0 0.09133024774444208 0.3284545438405495 0.0999517917633057 0.13276982307434082
0 0.03650631904602051 0.3091632843017578 0.07301263809204102 0.11247110366821289
0 0.22132758498191835 0.4510510921478271 0.098666250705719 0.13855867385864257
0 0.32808265686035154 0.23717374801635743 0.06425886154174805 0.09985585212707519
0 0.9586520231687105 0.9528181228655805 0.08397071300408798 0.094857518285767
0 0.2697422874689407 0.27223563537591566 0.06638102531433106 0.11011317968368531
0 0.07995561957359314 0.044064125418663024 0.024899780750274658 0.029626065492630006
0 0.03850206583738327 0.22252871990203857 0.07576364576816559 0.11225428581237792
0 0.9463437796771128 0.8828347578347577 0.05935422602089278 0.1282051282051282
0 0.5071225071225071 0.22993827160493827 0.05935422602089257 0.09496676163342828
0 0.29206577266922096 0.24936143039591316 0.059067688378033216 0.11095146871008939
0 0.20106960408684543 0.2337962962962963 0.05268199233716473 0.09897828863346105
0 0.22820881226053638 0.21184546615581099 0.046296296296296294 0.0838122605363985
0 0.22780970625798214 0.17233397190293742 0.05507662835249042 0.09099616858237548
0 0.12084929757343549 0.2880747126436782 0.07104086845466155 0.09738186462324391
0 0.07575031928480201 0.26412835249042144 0.03512132822477651 0.08301404853128995
0 0.11526181353767558 0.23858556832694763 0.07104086845466155 0.11015325670498084
