0 0.8430320739746093 0.6025469779968262 0.07952537536621093 0.1266615867614746
0 0.884346866607666 0.17057113647460936 0.0468841552734375 0.09657759666442871
0 0.7599513053894043 0.4920370578765869 0.055422306060791016 0.10768747329711914
0 0.9630907058715821 0.417813777923584 0.04567375183105469 0.10322303771972656
0 0.5673595905303955 0.4561720371246338 0.05594816207885742 0.1214289665222168
0 0.1316039204597473 0.4564070224761963 0.08262615203857422 0.1314523696899414
0 0.5630350112915039 0.2881944179534912 0.045688533782958986 0.11259355545043945
0 0.443236513862833 0.24718602613398902 0.06484642028808625 0.11307483911514282
0 0.6575805187225342 0.937535285949707 0.06098794937133789 0.10266380310058594
0 0.35777347087860106 0.317536735534668 0.04709515571594238 0.10608911514282227
0 0.07866873294115066 0.5320438861846923 0.09184437692165374 0.10855703353881836
0 0.8950445466906712 0.9247668085442532 0.07982186412677127 0.15215902730885342
0 0.2713600647612157 0.36443582905663385 0.07220954895019531 0.1501394748687744
0 0.056378743052482604 0.32382001876831057 0.10925083756446838 0.10281391143798828
0 0.19326879922011064 0.29663197041955464 0.07262042760849 0.10322108268737792
0 0.2040114164352417 0.42755880355834963 0.12147893905639648 0.17174062728881836
0 0.059062570333480835 0.20883007049560548 0.0578579306602478 0.07456903457641602
0 0.23452363014221192 0.4819948673248291 0.10917367935180664 0.16137161254882812
0 0.24677326679229736 0.5091477870941162 0.07821540832519532 0.10092077255249024
0 0.29258040935672514 0.30963693957115007 0.06274366471734891 0.09563840155945419
0 0.15673732943469784 0.4329922027290448 0.07249025341130604 0.11817738791423003
0 0.14150828460038986 0.28161549707602335 0.049342105263157916 0.09442007797270954
0 0.1408991228070175 0.22344054580896686 0.05421539961013645 0.09624756335282654
0 0.18140838206627677 0.20790692007797268 0.05726120857699805 0.07736354775828458
0 0.1820175438596491 0.1896320662768031 0.06944444444444445 0.09685672514619886
0 0.2715643274853801 0.22557261208576995 0.0645711500974659 0.10660331384015596
0 0.24201998050682264 0.24141081871345027 0.052997076023391834 0.08832846003898633
0 0.21807422483066174 0.2631836051626535 0.06518031189083816 0.09746588693957119
0 0.46131822612085766 0.2231359649122807 0.07370857699805068 0.1114766081871345
0 0.8762306610407876 0.8428270042194093 0.06329113924050636 0.10314111579934362
