0 0.7861135959625244 0.7171047687530517 0.08425111770629883 0.13184747695922852
0 0.8539323806762695 0.38667902946472166 0.05379810333251953 0.1001251220703125
0 0.7343825817108154 0.30706300735473635 0.058849143981933597 0.10295600891113281
0 0.6678881168365478 0.2567081689834595 0.05525045394897461 0.10044169425964355
0 0.5919380187988281 0.47105956077575684 0.08391618728637695 0.12171192169189453
0 0.5719476320509366 0.2972340204481534 0.06605920791625977 0.10291643142700195
0 0.4902254581451416 0.5239186763763428 0.05664005279541016 0.11103124618530273
0 0.278062629699707 0.3708184003829956 0.06376724243164063 0.11724581718444824
0 0.5085414409637451 0.4086760520935059 0.0586512565612793 0.10340576171875
0 0.6492664337158203 0.20561800003051758 0.049875068664550784 0.10709223747253419
0 0.17107221522576951 0.2643585614600107 0.0653971691190461 0.12614063338701018
0 0.27243323108552286 0.19177685327831925 0.0785893440246582 0.12032589912414549
0 0.36565234661102297 0.12325869798660279 0.050969696044921874 0.09731860160827636
0 0.027826290339331827 0.3564640497742102 0.05639380914550397 0.14053752715784798
0 0.510560417175293 0.27194652557373045 0.04417343139648437 0.0862205982208252
0 0.6450375647589544 0.820768422593181 0.07592754364013672 0.1040809154510498
0 0.3970323332649882 0.18285062845138472 0.05899491479047449 0.08652633300597988
0 0.5278328418731689 0.2766532897949219 0.02735891342163086 0.07639703750610352
0 0.6330805778503418 0.7498868227005004 0.0606048583984375 0.10819392204284668
0 0.2524154589371981 0.2254428341384863 0.07716049382716053 0.10332796564680623
0 0.1413714439076758 0.30428073000536765 0.08319914117015564 0.1093666129898014
0 0.05153385708941266 0.32968574635241304 0.0841750841750842 0.10755705200149646
0 0.0477927422371867 0.25252525252525254 0.0785634118967452 0.10662177328843996
0 0.04405162738496073 0.22353161242050132 0.0729517396184063 0.11036288814066594
0 0.09128320239431352 0.2048260381593715 0.06640478862701084 0.09913954358398806
