0 0.6748982906341553 0.661079740524292 0.08057680130004882 0.12135028839111328
0 0.5209083080291748 0.4466711044311523 0.07067642211914063 0.11297979354858398
0 0.601174783706665 0.5124202251434327 0.07758769989013672 0.11407766342163086
0 0.44237704277038575 0.3872572660446167 0.06016855239868164 0.09963622093200683
0 0.8054231643676758 0.3758405089378357 0.05559234619140625 0.10091402530670165
0 0.6510976791381836 0.2892266273498535 0.04390392303466797 0.10296764373779296
0 0.761076545715332 0.23947617411613464 0.039243888854980466 0.10215164422988891
0 0.584134864807129 0.21316333413124083 0.04924097061157227 0.10433005094528199
0 0.42144083976745605 0.12760697603225707 0.04845895767211914 0.0881615400314331
0 0.8165156602859497 0.2935327529907227 0.04080195426940918 0.10007438659667969
0 0.25448510646820066 0.2723933219909668 0.0817150592803955 0.10754594802856446
0 0.2241855376877515 0.3612930359663787 0.06717991828918454 0.12458987236022949
0 0.3449756145477295 0.1805787205696106 0.05762815475463867 0.0923755407333374
0 0.05682441592216492 0.19817508459091188 0.08093570470809937 0.10107462406158448
0 0.02718418567036561 0.32556349515450167 0.055781626701355 0.1858234405517578
0 0.5796512603759766 0.8152625116691266 0.07006826400756835 0.16750545501708985
0 0.18718729615211488 0.239176344871521 0.058324134349823 0.11632699966430664
0 0.9864519119262696 0.7264057159423828 0.025987625122070312 0.09629478454589843
0 0.6049050331115723 0.2759134292602539 0.038431739807128905 0.08661074638366699
0 0.5741856314145471 0.7337126282909415 0.07697456492637221 0.12717536813922362
0 0.20760233918128654 0.290448343079922 0.04507797270955165 0.09868421052631578
0 0.21125730994152045 0.19237329434697853 0.0560428849902534 0.08528265107212477
0 0.026985867446393735 0.22130847953216373 0.051778752436647174 0.11391325536062377
