0 0.5571849822998047 0.6189476490020752 0.0786447525024414 0.10896148681640624
0 0.4681272029876709 0.42210946083068845 0.09478693008422852 0.10391788482666016
0 0.47131896018981934 0.11689698696136475 0.04156618118286133 0.09621570110321045
0 0.7544649124145508 0.37248791456222535 0.06014804840087891 0.1022029161453247
0 0.6864827632904053 0.47350296974182127 0.048759078979492186 0.10915288925170899
0 0.3821231245994568 0.37173267602920534 0.06282303333282471 0.09352538585662842
0 0.8461690902709961 0.2215816020965576 0.03761711120605469 0.09844508171081542
0 0.8974910736083984 0.2727991819381714 0.03668708801269531 0.10241484642028809
0 0.9505699687108351 0.7114473313957599 0.07322216033935547 0.14007816314697266
0 0.7430129528045655 0.26787130642235146 0.040160083770751955 0.09669456481933594
0 0.5337060451507568 0.747741985321045 0.09802331924438476 0.15645694732666016
0 0.2951686382293701 0.28557422161102297 0.042844104766845706 0.1057429313659668
0 0.022640818357467653 0.19213130474090576 0.045281636714935306 0.09417963027954102
0 0.05010568648576737 0.4857908248901367 0.0989736407995224 0.11007547378540039
0 0.7011303424835205 0.2375108003616333 0.024544906616210938 0.07238202095031739
0 0.03712960547339116 0.5992860330209727 0.07567385464893406 0.11490406068719326
0 0.3333896422162751 0.27683359289318266 0.07580108642578125 0.11951823234558116
0 0.7104143619537353 0.26264586448669436 0.03882942199707031 0.10243520736694336
0 0.3047722339630127 0.19376498460769653 0.052099990844726565 0.09222104549407958
0 0.5212945938110352 0.7839490652084351 0.08994226455688477 0.10085148811340332
0 0.05377063810798759 0.5769745649263722 0.0847835787594824 0.11713520749665328
0 0.9651941097724231 0.6706827309236948 0.051316376617581407 0.12159750111557333
0 0.5267737617135209 0.22724230254350739 0.05800981704596169 0.09593931280678271
0 0.1692324854975458 0.3125836680053548 0.08143685854529226 0.11044176706827305
0 0.13074520303435974 0.22278000892458724 0.05577867023650156 0.09593931280678268
0 0.16811691209281573 0.1993529674252566 0.0769745649263721 0.10709504685408296
