0 0.5437298774719238 0.23660984635353088 0.06539554595947265 0.10136765241622925
0 0.7366605281829834 0.3486762523651123 0.048656654357910153 0.10698366165161133
0 0.8684972763061524 0.7575113296508789 0.06157360076904297 0.1148447036743164
0 0.37055184650719036 0.2753890013918181 0.08509025573730469 0.18296146392822266
0 0.8190932989120483 0.5429786205291748 0.056741189956665036 0.1261601448059082
0 0.9370209693908691 0.6659995079040527 0.051863670349121094 0.11504135131835938
0 0.5893225193023681 0.5307251453399658 0.06132316589355469 0.10635299682617187
0 0.8707407951354981 0.21041368842124938 0.04673423767089844 0.11935073137283325
0 0.8458969116210937 0.5158695697784423 0.051544570922851564 0.1309748649597168
0 0.6107968807220459 0.516859483718872 0.05598373413085937 0.12077703475952148
0 0.5298041925638821 0.9093081779003359 0.11763591766357422 0.1559452056884772
0 0.3031653165817261 0.19684134125709535 0.05905990600585938 0.0992808222770691
0 0.19130275485665596 0.5486984849348497 0.10986857414245606 0.14851388931274415
0 0.5624721106648819 0.8447121820615797 0.08032128514056236 0.13944667559125395
0 0.1625390450691656 0.602632753235163 0.1015171798304329 0.110441767068273
0 0.38230700580098176 0.3382418563141455 0.06135653726015172 0.11713520749665328
0 0.1561864061864062 0.19892144892144895 0.07359924026590695 0.10751594084927418
0 0.07054673721340388 0.21164021164021163 0.06851173517840184 0.09971509971509973
0 0.13770180436847104 0.26285442952109617 0.07122507122507123 0.11328177994844661
0 0.061897978564645226 0.2787952787952788 0.07563424230090897 0.10649843983177318
0 0.029168362501695837 0.3088115588115588 0.058336725003391675 0.09394926061592727
0 0.016788766788766788 0.24843983177316512 0.030864197530864192 0.06613756613756615
