0 0.6236513137817383 0.6874830245971679 0.08133878707885742 0.12627201080322265
0 0.46448163986206054 0.21443743705749513 0.055682373046875 0.09183731079101562
0 0.7468527317047119 0.6131897449493409 0.05922880172729492 0.1298248291015625
0 0.9644657044366023 0.2088404788762424 0.05869579315185547 0.11375308036804199
0 0.7918346772179012 0.621547906391326 0.04782776832580567 0.12099523544311523
0 0.12114520072937011 0.43937206268310547 0.0850212574005127 0.1117671012878418
0 0.22733089923858643 0.6678925037384034 0.08181509971618653 0.1057016372680664
0 0.09361324087619576 0.26186979868409965 0.09519641101360321 0.1061751365661621
0 0.3547429800033569 0.2807487964630127 0.06796474456787109 0.11604137420654297
0 0.5157778263092041 0.4099905490875244 0.04679155349731445 0.10909233093261719
0 0.33986713698360044 0.43019858800985 0.051101212682239244 0.10695187024881297
0 0.2555452585220337 0.3374472618103027 0.0680206298828125 0.11133861541748047
0 0.5538078784942627 0.39638460874557496 0.0637772560119629 0.12456686496734619
0 0.2522143086978426 0.47981266149870805 0.08644132231146379 0.14050387596899236
0 0.3666002511978149 0.10862140655517578 0.04401254653930664 0.07324779033660889
0 0.3819884419441223 0.18335748314857483 0.04726598262786865 0.08330634832382203
0 0.036688689719388254 0.5595934075594564 0.07353323698043823 0.10365467071533203
0 0.34441633224487306 0.34429278373718264 0.04846920967102051 0.07743997573852539
0 0.4088594933915611 0.2736826841155055 0.048654580116271974 0.10347814559936523
0 0.2700389623641968 0.27873318195343016 0.06651101112365723 0.11322565078735351
0 0.22549693584442138 0.3898936748504639 0.082951021194458 0.1054849624633789
0 0.5921988964080811 0.4930078983306885 0.04875450134277344 0.0877335548400879
0 0.02858150452375412 0.4678201198577881 0.057084599137306215 0.07448129653930664
0 0.783913431503793 0.5719544846050871 0.06358768406961164 0.1182507809013833
0 0.9562695225345826 0.1591923248549755 0.051316376617581407 0.11601963409192323
0 0.294578853046595 0.19153225806451613 0.057497013142174404 0.10005973715651136
0 0.2977523894862604 0.23054808841099164 0.042936081242532856 0.09147252090800477
0 0.38082437275985664 0.23446833930704897 0.03957586618876942 0.08736559139784943
0 0.258549880525687 0.24622909199522103 0.07205794504181601 0.09147252090800477
0 0.3761843238587424 0.40175495262704564 0.06675279931093887 0.10174418604651166
0 0.18588501291989662 0.3664944013781223 0.0715977605512489 0.10658914728682169
0 0.2249138673557278 0.3204672695951766 0.05383290267011194 0.10066752799310934
0 0.2195305770887166 0.5177648578811369 0.08397932816537466 0.12058570198105087
0 0.02734711455641686 0.3915267011197244 0.0516795865633075 0.12004737295434967
