0 0.717353343963623 0.5915433406829834 0.05619373321533203 0.12581253051757812
0 0.5563421249389648 0.6389417171478271 0.05793676376342773 0.13295164108276367
0 0.31181442737579346 0.7258759021759034 0.08750262260437011 0.12066078186035156
0 0.18183521032333375 0.25484424233436587 0.06481807231903076 0.11183451414108277
0 0.9115857124328614 0.18504045605659486 0.04248542785644531 0.09850610494613647
0 0.18025922775268555 0.47357969284057616 0.08521151542663574 0.11333551406860351
0 0.7660468003174684 0.6091663760107917 0.05487747192382812 0.13860177993774414
0 0.41811256408691405 0.28460144996643066 0.05461254119873047 0.11478729248046875
0 0.5167928695678711 0.19528948068618773 0.049511051177978514 0.10500690937042237
0 0.3513521677261597 0.28716611475557896 0.05807056427001953 0.11359601020812989
0 0.27551827430725095 0.5416043758392334 0.08143153190612792 0.116131591796875
0 0.5328467845916748 0.4794057846069336 0.04841804504394531 0.08832254409790039
0 0.3758387088775635 0.2195969581604004 0.04648914337158203 0.08461065292358398
0 0.052301883697509766 0.42101092338562013 0.0894081711769104 0.10232467651367187
0 0.3083480758471293 0.42822595220189663 0.05797852298041601 0.11370916166105063
0 0.23080623209536136 0.4185810080161682 0.07054290771484382 0.10086309909820557
0 0.45360959499805886 0.3310455310332763 0.049197292327880754 0.08772192001342774
0 0.03317209184169769 0.5133301734924316 0.06634418368339538 0.09454488754272461
0 0.47333414642899124 0.4055759504512027 0.0683985710144043 0.10731184482574463
0 0.508153772354126 0.16024941205978394 0.045598602294921874 0.08768131732940673
0 0.2955571889877319 0.519849157333374 0.0651087760925293 0.1146611213684082
0 0.4344344344344344 0.11686686686686686 0.04404404404404408 0.09359359359359358
0 0.29979979979979976 0.1991991991991992 0.06106106106106105 0.10910910910910913
0 0.4512012012012012 0.23573573573573572 0.032532532532532556 0.09409409409409411
0 0.47972972972972977 0.27602602602602605 0.05755755755755753 0.1126126126126126
0 0.3303303303303303 0.24524524524524527 0.05205205205205203 0.10910910910910908
0 0.34309309309309305 0.3898898898898899 0.06356356356356356 0.10210210210210209
0 0.19894894894894893 0.38588588588588585 0.06356356356356356 0.10310310310310311
0 0.28703703703703703 0.3506006006006006 0.04954954954954952 0.09859859859859857
0 0.2527527527527528 0.3278278278278278 0.06106106106106105 0.10710710710710711
0 0.7630130130130129 0.5540540540540541 0.04854854854854851 0.10910910910910908
0 0.5115115115115115 0.3823823823823823 0.06606606606606606 0.12512512512512514
0 0.08346374543557643 0.5702269170579031 0.08802816901408453 0.10172143974960877
0 0.055914188836724055 0.6064162754303599 0.1040036515388628 0.10628586332811686
