0 0.5944825649261475 0.8267210960388184 0.07842826843261719 0.09723834991455078
0 0.5853282928466796 0.5153774738311767 0.07674980163574219 0.1140213966369629
0 0.39627360105514525 0.5933441162109375 0.07325069904327393 0.12901659011840821
0 0.6057548999786377 0.3241135597229004 0.05976705551147461 0.11392450332641602
0 0.46038169860839845 0.2086949110031128 0.05405378341674805 0.10790777206420898
0 0.7979131460189819 0.2760472297668457 0.04514718055725098 0.10826754570007324
0 0.8264714241027832 0.16547396779060364 0.04777240753173828 0.0932008147239685
0 0.6999774932861328 0.2697537660598755 0.04325647354125976 0.09589705467224122
0 0.2044230640030521 0.7161813546302045 0.08376755714416503 0.11753635406494141
0 0.6288052558898926 0.12214407622814179 0.03294916152954101 0.0818585455417633
0 0.7359543323516846 0.2000068247318268 0.04025964736938477 0.10784310102462769
0 0.6449436187744141 0.2852635860443115 0.0496058464050293 0.11215085983276367
0 0.6520379066467286 0.513065540233864 0.07164926528930664 0.1307962417602539
0 0.1968642971845832 0.38930108762209736 0.07205773591995239 0.12804207801818848
0 0.45867399032949074 0.6780885040664059 0.09914598464965821 0.1270956039428711
0 0.6905977249145507 0.1803549349308014 0.04158229827880859 0.09011515378952026
0 0.45137896537780764 0.5023622512817383 0.07327384948730468 0.12023439407348632
0 0.14577045603842745 0.5621181195484843 0.07534420490264893 0.10322809219360352
0 0.34362380504608153 0.5089988231658935 0.06423792839050294 0.10378503799438477
0 0.23626307573487415 0.5964847174627578 0.10042390823364258 0.11727867126464844
0 0.584954833984375 0.23835039138793945 0.046670150756835935 0.09090056419372558
0 0.6155155181884766 0.2180643320083618 0.041768360137939456 0.09938201904296876
0 0.3799179066398485 0.3644855672418591 0.06536941528320313 0.12044930458068848
0 0.30591402053833006 0.1968362271785736 0.07801647186279297 0.09795066118240356
0 0.2680152979066023 0.6806561996779388 0.09259259259259259 0.12177938808373588
0 0.17793880837359097 0.6383856682769726 0.09561191626409016 0.10366344605475046
0 0.16183574879227056 0.5256642512077295 0.06944444444444445 0.10970209339774566
0 0.22272544283413848 0.5050322061191627 0.08454106280193241 0.11272141706924323
0 0.3007246376811594 0.45873590982286633 0.06944444444444445 0.11272141706924323
0 0.31330515297906597 0.4023752012882448 0.06441223832528183 0.10064412238325283
0 0.32940821256038644 0.3726851851851852 0.06843800322061191 0.12177938808373588
0 0.6434178743961352 0.4728260869565218 0.06642512077294677 0.12278582930756851
0 0.5015096618357487 0.6519726247987117 0.07648953301127205 0.13285024154589375
0 0.664049919484702 0.23681561996779388 0.035225442834138435 0.11171497584541062
0 0.22423510466988728 0.33695652173913043 0.07347020933977465 0.12681159420289856
0 0.39533011272141705 0.3339371980676329 0.07145732689210949 0.13083735909822863
0 0.39180756843800324 0.4335748792270531 0.07045088566827697 0.11272141706924323
