0 0.5800481319427491 0.642290735244751 0.07915964126586914 0.11263294219970703
0 0.7949159860610961 0.9292468070983887 0.08263201713562011 0.12925987243652343
0 0.8438434600830078 0.24558014869689943 0.037661170959472655 0.10064277648925782
0 0.6567064528271643 0.7166361308321257 0.07853317260742188 0.13107032775878907
0 0.6223821806833182 0.15683756594357878 0.057458019256591795 0.13265612125396728
0 0.8316263198852539 0.5922502517700196 0.10084323883056641 0.10495853424072266
0 0.35341567993164064 0.7868958473205566 0.08211054801940917 0.09446506500244141
0 0.4526712894439697 0.4715081214904785 0.07599391937255859 0.11674079895019532
0 0.5387030124664307 0.44332205057144164 0.0610198974609375 0.1273421049118042
0 0.35816593025476473 0.6646541519284196 0.08380403518676757 0.13852348327636718
0 0.12891199435441955 0.35453686424793274 0.08811202645301819 0.123553466796875
0 0.8041385121241258 0.35604561655077754 0.05656223297119141 0.15656023025512694
0 0.3217803248971874 0.2800355463355633 0.0875394344329834 0.1280418872833252
0 0.7449469566345215 0.24771571159362793 0.05057582855224609 0.11538047790527343
0 0.285221266746521 0.6384193420410156 0.07258896827697754 0.14586334228515624
0 0.5579698562622071 0.42470898628234866 0.05384521484375 0.11363410949707031
0 0.9784283638000488 0.18684349060058594 0.043143272399902344 0.15185236930847168
0 0.3885901212692261 0.7517411231994628 0.06862120628356934 0.10350456237792968
0 0.35938544273376466 0.35023543834686277 0.05010991096496582 0.07514352798461914
0 0.3039195165842678 0.4610127797141664 0.059138154983520506 0.11987333297729487
0 0.2963793992996216 0.19586634635925293 0.05460047721862793 0.10211176872253418
0 0.32778081893920896 0.5708408832550049 0.08804664611816407 0.11997413635253906
0 0.39171853065490725 0.41994835138320924 0.07277040481567383 0.10705831050872802
0 0.7791396141052246 0.16968537569046022 0.03618621826171875 0.07977540493011474
0 0.37429093270895464 0.514010718208187 0.08631327068204597 0.1292744136505605
0 0.6349843819723338 0.751004016064257 0.06916555109326201 0.09259259259259259
0 0.29696564033913436 0.6991298527443106 0.06916555109326201 0.10709504685408307
0 0.34270414993306564 0.5557786702365016 0.053547523427041534 0.10151717983043279
0 0.781682284694333 0.2679607318161535 0.050200803212851496 0.11713520749665325
0 0.8084560464078537 0.21999107541276217 0.05466309683177155 0.12829094154395357
0 0.6115573404730033 0.20660419455600182 0.07139669790272184 0.12159750111557338
0 0.1552878179384204 0.3164881749219099 0.08924587237840245 0.11378848728246314
0 0.2813476126729139 0.3159303882195449 0.08032128514056225 0.09928603302097277
0 0.33991521642124056 0.42692994199018297 0.0591253904506917 0.09147701918786258
