0 0.18735575675964355 0.6025123119354248 0.09384627342224121 0.13900814056396485
0 0.10434608459472657 0.3438756108283997 0.09357092380523682 0.12236478328704833
0 0.5376419883176506 0.5586006465419922 0.0867645263671875 0.1670919418334961
0 0.1494789808988571 0.7057680130004883 0.10729132294654846 0.10467309951782226
0 0.3276425571113971 0.3037381239205479 0.08944754600524903 0.12087688446044922
0 0.760295295715332 0.7733310461044312 0.06623764038085937 0.1035118579864502
0 0.9858137130737304 0.18994858264923095 0.028372573852539062 0.09969635009765625
0 0.806915283203125 0.9665080547332764 0.09885368347167969 0.06698389053344726
0 0.25311203292308776 0.23446067567916393 0.07617835998535157 0.14456520080566418
0 0.744648455126591 0.860759851497393 0.09930238723754883 0.14477462768554655
0 0.18745735763758756 0.38920492501409926 0.08825846910476684 0.1488843441009522
0 0.8207658238306688 0.699765296941993 0.051857376098632814 0.0975337028503418
0 0.1420611198142085 0.6528818311780651 0.10670899152755738 0.16248703002929688
0 0.5890722751617432 0.5070734024047852 0.052934455871582034 0.10785884857177734
0 0.7792667150497437 0.7275155067443848 0.05672860145568848 0.11768817901611328
0 0.6163841247558594 0.5478744029998779 0.06371574401855469 0.09586400985717773
0 0.09131848134535973 0.16142098821204245 0.04538624123609912 0.06692943737901569
0 0.3039132833480835 0.40856428146362306 0.08125104904174804 0.10225248336791992
0 0.14643460698874602 0.21627214646190474 0.08851511478424072 0.10153347253799447
0 0.053155946731567386 0.2085714817047119 0.08709181547164917 0.10421075820922851
0 0.6941097724230256 0.9378625613565372 0.06247211066488174 0.1004016064257029
0 0.5825524319500224 0.6310798750557787 0.0691655510932618 0.12494422132976347
0 0.14468987059348512 0.2947344935296743 0.07028112449799193 0.11267291387773312
0 0.2824631860776439 0.32429718875502006 0.05800981704596158 0.11155734047300311
0 0.29529228023203935 0.1926595269968764 0.07251227130745205 0.11601963409192327
0 0.9105310129406518 0.07106202588130303 0.06247211066488174 0.11378848728246317
0 0.07608210620258818 0.2339357429718876 0.06024096385542166 0.08924587237840251
