0 0.04487228691577912 0.521620512008667 0.08974457383155823 0.11531810760498047
0 0.36037344932556153 0.6908062934875489 0.07308549880981445 0.12636137008666992
0 0.04976199912086014 0.31858374356478786 0.09975316822528839 0.12374672889709473
0 0.2806626429572695 0.24241028068215656 0.0653228759765625 0.1210209846496582
0 0.1388703065171725 0.2954121556147993 0.08255712985992432 0.13301215171813965
0 0.07800727486610412 0.486904239654541 0.08267253637313843 0.10459537506103515
0 0.7175725936889649 0.6224985599517823 0.06019515991210937 0.12723369598388673
0 0.019239696801799273 0.2318592649440261 0.03887446628038194 0.09401750356051981
0 0.7658919811248779 0.5620987415313721 0.055561256408691403 0.13377809524536133
0 0.33345847129821776 0.7414374828338623 0.10272860527038574 0.12414159774780273
0 0.3504507541656494 0.8089812278747559 0.0759547233581543 0.0914346694946289
0 0.22646002769470214 0.21204078197479248 0.05660200119018555 0.10599322319030761
0 0.6976647853851319 0.5718888282775879 0.04273576736450195 0.0958479881286621
0 0.9886507987976074 0.01476859748363495 0.021111297607421874 0.0295371949672699
0 0.29082998661311926 0.18987059348505134 0.06804997768853191 0.11490406068719324
0 0.18596608656849625 0.2740963855421687 0.08589915216421241 0.12048192771084337
0 0.08110218652387331 0.23003123605533246 0.08813029897367244 0.10151717983043282
0 0.03201695671575196 0.18429272646140119 0.06358768406961181 0.11267291387773312
