0 0.4115132331848145 0.4582784652709961 0.09149541854858398 0.09734992980957032
0 0.38978767153883936 0.20470836403702736 0.08055222034454346 0.11880009174346919
0 0.19276924729347228 0.4006059169769287 0.07760480642318726 0.1079707145690918
0 0.662227201461792 0.2889915943145752 0.04373874664306641 0.09925832748413085
0 0.28260594999235467 0.5673523251713737 0.10919952392578125 0.1117095947265625
0 0.05698830878179864 0.2633914880999359 0.11325269937515259 0.11399987936019895
0 0.5991427898406982 0.2693932294845581 0.07389841079711915 0.11481976509094238
0 0.9445453643798828 0.2115497648715973 0.041357994079589844 0.08491705656051636
0 0.33696448802948 0.6658187866210937 0.06518120765686035 0.09885673522949219
0 0.029616688997091165 0.2340336034780214 0.05999311208724976 0.1570003509521484
0 0.25575268268585205 0.7502370119094849 0.09750151634216309 0.11360793113708496
0 0.6313742637634278 0.19017517566680908 0.04088582992553711 0.08792495727539062
0 0.6148202419281006 0.3502314329147339 0.060076141357421876 0.09481115341186523
0 0.9729787826538085 0.1657248854637146 0.043386650085449216 0.1053145170211792
0 0.31118345260620117 0.6957222938537597 0.10595703125 0.10505304336547852
0 0.8880433082580567 0.048945002257823944 0.029353904724121093 0.06382016241550445
0 0.2178358793258667 0.6016912460327148 0.0857114315032959 0.09688901901245117
0 0.6604109764099121 0.17870839834213256 0.04496688842773437 0.09540998935699463
0 0.5879937171936035 0.3959351658821106 0.09759531021118165 0.09855563640594482
0 0.17352084517478944 0.43586506843566897 0.0759832501411438 0.09978389739990234
0 0.6759605407714844 0.24206273555755614 0.03864288330078125 0.08755054473876953
0 0.4133428300094967 0.1777065527065527 0.09021842355175691 0.1222697056030389
0 0.557573599240266 0.2109449192782526 0.06291547958214631 0.11277302943969614
0 0.5842830009496676 0.3628917378917379 0.06410256410256415 0.09852801519468186
0 0.31837606837606836 0.5273029439696106 0.08784425451092112 0.14007597340930672
0 0.09520417853751187 0.22578347578347574 0.10683760683760682 0.11633428300094967
0 0.024572649572649527 0.31659544159544156 0.048670465337131985 0.10565052231718897
0 0.589031339031339 0.2424026590693257 0.05223171889838572 0.10208926875593544
