0 0.40943907499313353 0.5814899444580078 0.08266432285308838 0.0965764045715332
0 0.5548912525177002 0.2392657458782196 0.060459232330322264 0.10388351678848266
0 0.6102848052978516 0.4322148680686951 0.06513795852661133 0.11683971881866455
0 0.8061420421630131 0.5577762045428349 0.05720000267028809 0.13987579345703124
0 0.20499789714813232 0.7334290504455566 0.08571953773498535 0.0952789306640625
0 0.3068395137786865 0.4168078899383545 0.07465744018554688 0.1051137924194336
0 0.15452353954315184 0.6048351764678955 0.0887868881225586 0.09567232131958008
0 0.7362109661102295 0.4371450304985046 0.05567111968994141 0.11914770603179932
0 0.44763464691488936 0.9046346133332973 0.09514865875244145 0.19143505096435537
0 0.27117393016815183 0.6497563362121582 0.08804163932800294 0.08828468322753906
0 0.6952521324157714 0.46779556274414064 0.052525806427001956 0.11563615798950196
0 0.3168520450592041 0.31516475677490235 0.06211442947387695 0.12926759719848632
0 0.6651686668395996 0.3665364503860474 0.043383312225341794 0.08231930732727051
0 0.5135848522186279 0.682749080657959 0.07092905044555664 0.11400079727172852
0 0.05563356727361679 0.5387895584106446 0.09733708202838898 0.1194723129272461
0 0.655486011505127 0.42343478202819823 0.05740299224853516 0.11837329864501953
0 0.3165773296505145 0.27820929193645644 0.07828888893127442 0.14024705886840821
0 0.5378032684326172 0.6667158603668213 0.051613140106201175 0.13216943740844728
0 0.2525516986846924 0.21376643180847169 0.08287563323974609 0.08883647918701172
0 0.31704596162427495 0.22891566265060243 0.05577867023650156 0.10374832663989288
0 0.09783578759482378 0.49776885319054 0.09036144578313252 0.1104417670682732
0 0.4910754127621598 0.822400713966979 0.09147701918786263 0.13052208835341364
0 0.8123605533244088 0.49944221329763505 0.05354752342704164 0.11155734047300317
