0 0.4775731563568115 0.614872932434082 0.06905603408813477 0.0937591552734375
0 0.5294175148010254 0.9237496376037597 0.08874778747558594 0.11466960906982422
0 0.2549469470977783 0.3774715900421143 0.06602993011474609 0.10281620025634766
0 0.9813761711120605 0.6646541595458985 0.036980819702148435 0.09814720153808594
0 0.21484150886535644 0.6409649848937988 0.10650391578674316 0.10084571838378906
0 0.7482883672744023 0.5201342553764728 0.05682916641235351 0.1363241195678711
0 0.6291421413421631 0.22623767256736754 0.04105873107910156 0.1029394268989563
0 0.2687705039978027 0.7760283708572387 0.1135974407196045 0.10011305809020996
0 0.5521626949310303 0.4198572039604187 0.06708526611328125 0.12934038639068604
0 0.3955013952314827 0.33988446709514986 0.06938996315002441 0.10387177467346176
0 0.6796465396881104 0.4147497177124023 0.051765155792236325 0.10426368713378906
0 0.3288333654403687 0.6939701557159423 0.07473220825195312 0.08921632766723633
0 0.5930406379997597 0.729395833945285 0.09586849212646484 0.12904748916625977
0 0.09220770597457886 0.5541180610656739 0.09681613445281982 0.10746574401855469
0 0.5937413692474365 0.40576868057250975 0.0489537239074707 0.09834318161010742
0 0.5619626045227051 0.8447417974472046 0.06116008758544922 0.09262089729309082
0 0.6401924610137939 0.4450774073600769 0.06850881576538086 0.13080523014068604
0 0.6041680335998535 0.34880671501159666 0.03994693756103516 0.07672147750854492
0 0.14062256813049318 0.525940227508545 0.08346846103668212 0.11279811859130859
0 0.4058324494302299 0.27522136113942597 0.05389697551727284 0.12717137336730952
0 0.027916644513607026 0.4379708766937256 0.05499785244464874 0.06486730575561524
0 0.25090773238608055 0.2052966769281002 0.08542237547772752 0.09966992146731594
0 0.39041885137557986 0.19855024814605712 0.030080628395080567 0.04752926826477051
0 0.6232708612226685 0.6985720660419455 0.07028112449799193 0.11490406068719315
0 0.7493306559571621 0.47043730477465423 0.047969656403391264 0.10709504685408307
