0 0.9729256629943848 0.21107394695281984 0.03810253143310547 0.1142383098602295
0 0.8935067176818847 0.23095028400421141 0.03856983184814453 0.09122629165649414
0 0.33350090980529784 0.44060845375061036 0.0721020221710205 0.10979509353637695
0 0.5836288928985596 0.2883689641952515 0.059052562713623045 0.12935824394226075
0 0.16810715794563294 0.7057024002075195 0.08734372854232789 0.10110740661621094
0 0.33744523690523465 0.18059714150677836 0.07365942001342773 0.11669030189514168
0 0.6348107337951661 0.37275381088256837 0.048051071166992185 0.09366273880004883
0 0.923716926574707 0.1818106234073639 0.042881202697753903 0.09221018552780151
0 0.6673030853271484 0.36595797538757324 0.041296958923339844 0.10118255615234376
0 0.5237072944641114 0.2593882083892822 0.05219955444335937 0.13687419891357422
0 0.218263441324234 0.6659961700439453 0.07811874151229858 0.11124505996704101
0 0.1259640249205224 0.374039096777935 0.1087996482849121 0.10356378555297852
0 0.44533771276474 0.38379292488098143 0.1081270456314087 0.09221677780151367
0 0.1452346533536911 0.5647072315216064 0.09857507348060608 0.09964666366577149
0 0.6004165649414063 0.2619507312774658 0.03674020767211914 0.09794821739196777
0 0.20882413387298585 0.5295625686645508 0.10078301429748535 0.10346899032592774
0 0.5566058158874512 0.19199033975601196 0.04888858795166016 0.0885481595993042
0 0.06856331527233124 0.2876209020614624 0.0709689199924469 0.10398249626159668
0 0.26843149662017823 0.6302475929260254 0.08764476776123047 0.0798863410949707
0 0.8596337318420411 0.08786333054304123 0.03141574859619141 0.08996845781803131
0 0.586134386062622 0.16947379112243652 0.041520881652832034 0.07633614540100098
0 0.21800983548164368 0.4918705940246582 0.0773497462272644 0.08753080368041992
0 0.028415643972152793 0.18956404511179115 0.057816383242607114 0.11310133934020998
0 0.017450142450142418 0.23646723646723644 0.03442545109211776 0.0949667616334283
0 0.09995251661918324 0.4145299145299145 0.09971509971509976 0.11633428300094967
0 0.31244064577397906 0.2133190883190883 0.08547008547008554 0.1175213675213675
0 0.5089031339031338 0.2293447293447293 0.060541310541310414 0.10921177587844255
0 0.5296771130104463 0.2459639126305793 0.045109211775878455 0.0997150997150997
