0 0.7905113458633423 0.2017179548740387 0.0433295726776123 0.1043925166130066
0 0.18973508477210999 0.6176310062408448 0.1033126711845398 0.11771316528320312
0 0.6374420166015625 0.6953004837036133 0.05102100372314453 0.1057173728942871
0 0.7763540029525757 0.5496797561645508 0.04928135871887207 0.11253538131713867
0 0.44873971939086915 0.38097782135009767 0.07248258590698242 0.1089773178100586
0 0.039131417870521545 0.568513298034668 0.07826283574104309 0.1335603713989258
0 0.6314010286480122 0.4651714386657007 0.06319551467895508 0.12471895217895514
0 0.09989303350448608 0.47978644371032714 0.08721873760223389 0.12874555587768555
0 0.40033291578292846 0.8430782318115234 0.09072926044464111 0.09481563568115234
0 0.44416141510009766 0.7627982854843139 0.08347234725952149 0.0914543628692627
0 0.5670814037322998 0.2673451602458954 0.05757761001586914 0.16690489053726196
0 0.33461427688598633 0.7006897926330566 0.07395858764648437 0.11222925186157226
0 0.7306723594665527 0.9552218437194824 0.0783390998840332 0.08633899688720703
0 0.537147045135498 0.39820131063461306 0.06460781097412109 0.12134153842926025
0 0.7614316253989789 0.8448329491362089 0.07724585533142089 0.13781418800354003
0 0.174075448513031 0.31255326271057127 0.07276179790496826 0.09770092964172364
0 0.4980317115783691 0.3184112548828125 0.0496363639831543 0.07403826713562012
0 0.24771270751953126 0.2160104274749756 0.07155718803405761 0.08852291107177734
0 0.6369215488433838 0.36990689039230346 0.04936141967773437 0.061553788185119626
0 0.4950821876525879 0.380269193649292 0.06788349151611328 0.11993770599365235
0 0.23487000465393065 0.5812691211700439 0.09303932189941407 0.10213813781738282
0 0.5829609870910645 0.243682861328125 0.0538386344909668 0.10819597244262695
0 0.5680499776885319 0.2060464078536368 0.060240963855421714 0.10932619366354307
0 0.6556224899598394 0.4308344489067381 0.05466309683177155 0.11044176706827316
0 0.8012048192771084 0.8095716198125837 0.051316376617581407 0.11601963409192316
0 0.15473003123605544 0.4057340473003123 0.04350736278447121 0.10040160642570284
0 0.19321731369924147 0.41744756804997774 0.053547523427041534 0.09482373940205267
0 0.2199910754127622 0.4269299419901829 0.044622936189201226 0.08701472556894242
