0 0.6873836040496826 0.49527578353881835 0.04860544204711914 0.10703506469726562
0 0.8691387176513672 0.18619680404663086 0.04067249298095703 0.10363469123840333
0 0.08937316834926605 0.6265112400054932 0.09842274785041809 0.13172130584716796
0 0.41428194046020506 0.722698974609375 0.09038991928100586 0.10098094940185547
0 0.13030307590961457 0.2765697956085205 0.0760065495967865 0.10165348052978515
0 0.6417335653453998 0.30371866035759315 0.06655550003051758 0.09648513793945312
0 0.8391337394714355 0.973345947265625 0.06345539093017578 0.05107612609863281
0 0.9593941688537597 0.5846265316009521 0.06468143463134765 0.11465311050415039
0 0.39522218704223633 0.3631420612335205 0.06669940948486328 0.11649017333984375
0 0.7149918556213379 0.7514191627502441 0.07177171707153321 0.10072040557861328
0 0.8971106529235839 0.8697613716125489 0.08814239501953125 0.132061767578125
0 0.5980118289157674 0.4527829641744738 0.07451896667480469 0.14744052886962833
0 0.18251030445098876 0.49729099273681643 0.09447655677795411 0.10964336395263671
0 0.06882209926843644 0.44948769807815553 0.09489037692546845 0.10211255550384521
0 0.5169697284698487 0.8141625165939331 0.0921626091003418 0.08976960182189941
0 0.4946130752563477 0.8682788848876953 0.1103602409362793 0.10103645324707031
0 0.4482460021972656 0.3009511709213257 0.06356430053710938 0.09223389625549316
0 0.24726201916634638 0.6395111675083717 0.09979782104492188 0.11662864685058594
0 0.873272705078125 0.8938360214233398 0.09181690216064453 0.12932872772216797
0 0.6457968764409376 0.20471963455824918 0.04117240905761719 0.11183767318725592
0 0.4667027473449707 0.3659606695175171 0.08977327346801758 0.11855263710021972
0 0.3910663907892839 0.5004882212463951 0.05722464814030775 0.08046041605250215
0 0.4450800895690918 0.35345379114151 0.05943737030029297 0.10200221538543701
0 0.040125831961631775 0.5166383743286133 0.07945634722709656 0.09642105102539063
0 0.6584265542104807 0.21749101880936156 0.0354217529296875 0.08925070762634282
0 0.24676483712628297 0.20548862115127178 0.07809013833110212 0.12382864792503347
0 0.5959393128067827 0.3995983935742972 0.05577867023650166 0.12382864792503347
0 0.6176929941990184 0.3817492190986167 0.05466309683177155 0.11713520749665328
0 0.36501561802766624 0.48382418563141455 0.05354752342704143 0.1093261936635431
0 0.3248549754573852 0.4754573850959393 0.06247211066488174 0.12829094154395362
0 0.27855867916108884 0.6227130745203034 0.08366800535475238 0.10821062025881308
