0 0.7419381618499756 0.2743872404098511 0.06550741195678711 0.10646414756774902
0 0.48200287818908694 0.664339828491211 0.08716697692871093 0.11444606781005859
0 0.4898791790008545 0.37113837003707884 0.06424627304077149 0.10645124912261963
0 0.6256782531738281 0.6915177822113037 0.0735905647277832 0.11514444351196289
0 0.3620861053466797 0.4428852558135986 0.07222838401794433 0.1318121910095215
0 0.8596885681152344 0.9444167613983154 0.0674041748046875 0.11116647720336914
0 0.556627278815205 0.8346495766237558 0.09139223098754883 0.14540443420410157
0 0.648642635345459 0.9463688850402832 0.08030176162719727 0.10640735626220703
0 0.3118499040603638 0.6738996505737305 0.10294046401977539 0.11289844512939454
0 0.3027530865922457 0.3286071495518308 0.0782510757446289 0.1355131149291992
0 0.2300936460494995 0.7604485511779785 0.10223069190979003 0.09930648803710937
0 0.18330368995666504 0.6759204864501953 0.10238943099975586 0.1282954216003418
0 0.2661929130554199 0.7087321281433105 0.1121894359588623 0.12766590118408203
0 0.9860807418823242 0.5472722053527832 0.027838516235351562 0.10331192016601562
0 0.22616164684295653 0.7298505544662476 0.14580116271972657 0.15530972480773925
0 0.23951360999553778 0.20437304774654177 0.06358768406961175 0.10597947344935298
0 0.31816153502900496 0.2986390004462294 0.06024096385542161 0.11378848728246314
0 0.32150825524319504 0.2735385988398037 0.060240963855421714 0.11490406068719324
0 0.5624721106648819 0.7766622043730478 0.051316376617581407 0.11713520749665328
0 0.23114680946006264 0.6366577420794288 0.07139669790272193 0.13163766175814376
0 0.09225792057117367 0.3493975903614458 0.09482373940205267 0.12382864792503341
0 0.1547300312360554 0.2991967871485944 0.09036144578313246 0.13052208835341364
0 0.07831325301204828 0.2668451584114235 0.06247211066488174 0.11490406068719318
0 0.12014725568942441 0.25401606425702816 0.06135653726015162 0.11825078090138331
0 0.1547300312360554 0.22501115573404734 0.10151717983043279 0.12048192771084337
