0 0.1181651622056961 0.4664268493652344 0.10477771162986756 0.09367074966430664
0 0.8882417678833008 0.8453253746032715 0.0807180404663086 0.1175577163696289
0 0.5536532878875733 0.29006004333496094 0.07256269454956055 0.10514135360717773
0 0.4591519832611084 0.8564677238464355 0.07765607833862305 0.10168075561523438
0 0.5966603857659167 0.3428942060853583 0.04764308388985375 0.09966614532555816
0 0.35553641319274903 0.7867329597473145 0.08472623825073242 0.11161231994628906
0 0.7539038497068583 0.9484236507849838 0.05711604390278374 0.10367461080691553
0 0.03187333345413208 0.23010413646697997 0.06374666690826417 0.12932901382446288
0 0.5212301254272461 0.7879788160324097 0.08946352005004883 0.12695813179016113
0 0.4839226245880127 0.8151862144470214 0.07423954010009766 0.10839347839355469
0 0.7571629524230957 0.8187680959701538 0.08662910461425781 0.15091500282287598
0 0.7438140392303467 0.7940430164337158 0.06229944229125976 0.09434785842895507
0 0.29808121374386437 0.321508255243195 0.08924587237840245 0.09928603302097277
0 0.20995091477019193 0.2897144132083892 0.060240963855421714 0.10263275323516285
0 0.24146586345381532 0.26405622489959873 0.06804997768853191 0.10486390004462356
0 0.18931280678268633 0.248995983935743 0.04127621597501119 0.11044176706827308
0 0.24704373047746545 0.1926595269968767 0.06135653726015172 0.124944221329764
0 0.3811914323962517 0.749330655957162 0.059125390450691595 0.12271307452030344
0 0.7777777777777779 0.885430611334226 0.05577867023650145 0.09147701918786258
0 0.6305220883534136 0.37115127175368146 0.060240963855421714 0.13609995537706376
