0 0.194189715385437 0.47246365547180175 0.08130025863647461 0.1000218391418457
0 0.49233231544494627 0.28548996448516845 0.06874713897705079 0.10752043724060059
0 0.6632381248772011 0.3139356060147232 0.07440662384033203 0.12041664123535156
0 0.21003806228526148 0.32862763386256044 0.07066461617021755 0.0982884061266805
0 0.6051407337188721 0.8282560348510742 0.07959022521972656 0.12198066711425781
0 0.8523595449702116 0.9607123299402512 0.0761822933705989 0.07693559249986871
0 0.5526437759399414 0.8909032821655274 0.10496282577514648 0.12401313781738281
0 0.43532619476318357 0.8350561141967774 0.09440116882324219 0.10760707855224609
0 0.4658076286315918 0.7798350095748902 0.0801401138305664 0.1196362018585205
0 0.8435676574707032 0.83201105594635 0.050097084045410155 0.09385848045349121
0 0.1441648006439209 0.2427126109600067 0.061376309394836424 0.09180160760879516
0 0.9731889724731445 0.9011965751647949 0.053534507751464844 0.0945831298828125
0 0.5745577812194824 0.8583602190017701 0.09793720245361329 0.15198931694030762
0 0.85586791610888 0.9122043730477465 0.07362784471218208 0.11601963409192316
0 0.6985720660419455 0.32931726907630526 0.060240963855421714 0.12159750111557344
0 0.25146198830409355 0.20607943469785572 0.07188109161793374 0.10538499025341132
0 0.19085038986354774 0.26638645224171537 0.037158869395711516 0.09076510721247565
0 0.22009015594541909 0.25511695906432746 0.07127192982456142 0.10964912280701752
