0 0.3787012457847595 0.4589556694030762 0.08696396350860595 0.09675674438476563
0 0.37174139022827146 0.2851486444473267 0.08455781936645508 0.10869016647338867
0 0.8318782472759418 0.28792039913984346 0.04659843444824219 0.14102563858032227
0 0.5785216808319091 0.9333181381225586 0.09383592605590821 0.10035514831542969
0 0.7413013382502722 0.9432730923694782 0.08187746629285154 0.10899152164212446
0 0.04954701305925179 0.3530720915660322 0.08020592927932739 0.11240577697753906
0 0.7114695072174072 0.9749298095703125 0.06137504577636719 0.04884319305419922
0 0.5971526622772216 0.8665107011795044 0.08501358032226562 0.14211974143981934
0 0.7727576974564927 0.889892904953146 0.06358768406961164 0.12048192771084343
0 0.8475011155734048 0.22724230254350739 0.04127621597501119 0.10263275323516288
0 0.24955377063810805 0.20827755466309686 0.06804997768853191 0.10932619366354307
0 0.10285586791610894 0.3360107095046855 0.08701472556894248 0.11490406068719321
0 0.06046407853636777 0.28357875948237393 0.060240963855421714 0.08813029897367244
0 0.03859883980365911 0.21316376617581437 0.07719767960731821 0.12632753235162877
0 0.11791610887996437 0.2462070504239179 0.06804997768853195 0.10486390004462291
0 0.16030789825970554 0.23728246318607765 0.0769745649263721 0.10263275323516285
