0 0.8039238214492798 0.2427665948867798 0.0414792537689209 0.09826030731201171
0 0.8455507278442382 0.6514441967010498 0.05633602142333984 0.10077905654907227
0 0.8767183303833008 0.25264816284179686 0.0412811279296875 0.10177359580993653
0 0.4418013572692871 0.18714818358421326 0.04659223556518555 0.08912822008132934
0 0.7764832019805908 0.13389225006103517 0.045895957946777345 0.10389342308044433
0 0.3742018222808838 0.2953565835952759 0.06205415725708008 0.10797162055969238
0 0.8277803421020508 0.19387589693069457 0.036461257934570314 0.09236667156219483
0 0.041666666666666644 0.6381100276936152 0.08333333333333329 0.12264034347316816
0 0.7860635995864869 0.4010005831718445 0.04021716117858887 0.10055649280548096
0 0.027854419490437456 0.4860733809520942 0.049229432624063395 0.13359025668101665
0 0.4244357283411995 0.34574497552112754 0.0670344352722168 0.12715020179748535
0 0.7565118789672851 0.4134518146514893 0.04451189041137695 0.08995885848999023
0 0.23289247958408804 0.2682739255435106 0.09261959923638242 0.12632014511430817
0 0.229085248708725 0.3994199275970459 0.0882060170173645 0.10114002227783203
0 0.40147241670974415 0.25253563847070853 0.052682805061340335 0.0899321913719177
0 0.11742050647735595 0.24002010822296144 0.046167731285095215 0.06364979743957519
0 0.4217465877532959 0.19231590032577514 0.0613438606262207 0.08922154903411865
0 0.18337021470069886 0.3350083827972412 0.0836974024772644 0.07833728790283204
0 0.44125214890989933 0.28805810764417805 0.04654245376586914 0.09023723602294922
0 0.15099715099715103 0.2269705603038936 0.08072174738841406 0.11396011396011395
0 0.183048433048433 0.18957739791073122 0.08072174738841406 0.11277302943969614
0 0.07680436847103514 0.6050569800569802 0.07003798670465336 0.12939221272554605
0 0.1314102564102564 0.5735992402659069 0.1009021842355176 0.12108262108262113
0 0.0524691358024691 0.4632003798670465 0.08784425451092112 0.12108262108262113
0 0.09520417853751187 0.4453941120607787 0.08309591642924974 0.10446343779677118
0 0.3901946818613485 0.23171889838556503 0.05579297245963914 0.10446343779677113
