0 0.06749869883060455 0.5122812747955322 0.12019092440605164 0.11303186416625977
0 0.3659993052482605 0.705075740814209 0.09665052890777588 0.09651613235473633
0 0.6119328498840332 0.29029743671417235 0.05691032409667969 0.11804523468017578
0 0.06558186411857606 0.6291164875030517 0.1154276967048645 0.1273961067199707
0 0.898436164855957 0.2726940631866455 0.05707874298095703 0.09768352508544922
0 0.27618410587310793 0.30623512268066405 0.07514615058898926 0.1348278045654297
0 0.03850329022543719 0.17661299166111263 0.06846419152592194 0.09679632814586936
0 0.4523448467254639 0.8410183191299438 0.07415914535522461 0.10477156639099121
0 0.23839803659080772 0.20158411423471667 0.07920571173583224 0.10486390004462294
0 0.0504239178937975 0.26517179830432847 0.09147701918786258 0.1137884872824632
0 0.06771530566711298 0.22556894243641232 0.07028112449799198 0.11044176706827308
