0 0.47621879577636717 0.3091705799102783 0.07028741836547851 0.11388063430786133
0 0.38678635358810426 0.4442089080810547 0.07946035861968995 0.12117624282836914
0 0.20448851585388184 0.7186031341552734 0.08987793922424317 0.12135105133056641
0 0.23075245022773744 0.47964019775390626 0.09066928625106811 0.11539421081542969
0 0.8062006874203628 0.2693659696340668 0.05991573333740234 0.11886992454528808
0 0.7157608985900878 0.3338384389877319 0.0473628044128418 0.11413111686706542
0 0.2729762554168701 0.422701895236969 0.08706684112548828 0.10881984233856201
0 0.8338810920715332 0.5394291877746582 0.05625934600830078 0.11430530548095703
0 0.2792091918066111 0.2913272957459245 0.08203101158142084 0.12353701591491699
0 0.6161111354827881 0.8469308853149414 0.09033594131469727 0.10404510498046875
0 0.17593493461608886 0.4082674503326416 0.06125636100769043 0.09257869720458985
0 0.8555776596069335 0.5055086135864257 0.04055500030517578 0.10178155899047851
0 0.026638662815093993 0.39646320343017577 0.05208607912063599 0.1562941551208496
0 0.7424888134002685 0.970525074005127 0.0704336166381836 0.05783843994140625
0 0.8145917001338688 0.24007139669790273 0.03569834895136102 0.10597947344935295
0 0.23728246318607765 0.2032574743418117 0.07474341811691208 0.10151717983043285
0 0.2919455600178492 0.2456492637215529 0.0591253904506917 0.1037483266398929
