0 0.5579868793487549 0.37240707874298096 0.06000223159790039 0.10753769874572754
0 0.5860338687896729 0.2469733715057373 0.06379117965698242 0.10730409622192383
0 0.1984824776649475 0.3623460650444031 0.0857088327407837 0.1101884126663208
0 0.8290769577026367 0.9312572479248047 0.08120136260986328 0.10582656860351562
0 0.513658857345581 0.3096050977706909 0.056616020202636716 0.12709403038024902
0 0.34421961307525634 0.7656035900115967 0.08197860717773438 0.10485982894897461
0 0.05395360589027405 0.5649288177490235 0.1079072117805481 0.11450414657592774
0 0.07749751508235932 0.25312783718109133 0.0682852566242218 0.09493889808654785
0 0.9426331520080566 0.22516836524009703 0.05268154144287109 0.10507985353469848
0 0.27002272605895994 0.4907532215118408 0.06852545738220214 0.10730562210083008
0 0.4533088207244873 0.40974730253219604 0.07405052185058594 0.11504127979278564
0 0.4592644691467285 0.25406780242919924 0.05896835327148438 0.1253713607788086
0 0.6845061779022217 0.49521656036376954 0.059392261505126956 0.10400724411010742
0 0.1066215306520462 0.4288313865661621 0.12663244605064392 0.13698978424072267
0 0.7137157440185546 0.4722269058227539 0.0441288948059082 0.10811614990234375
0 0.10617971122264862 0.5240267753601074 0.11010594964027405 0.1265390396118164
0 0.07351661771535874 0.38344904184341433 0.07063792049884796 0.09185903072357178
0 0.23858885765075682 0.21387413144111633 0.07055702209472656 0.09295700788497925
