0 0.780290961265564 0.6321958065032959 0.06100430488586426 0.09801321029663086
0 0.8186249732971191 0.2681002616882324 0.040878677368164064 0.10020179748535156
0 0.7519976139068604 0.2504881858825684 0.042980289459228514 0.10176558494567871
0 0.265951132774353 0.2376013219356537 0.056495285034179686 0.10024586915969849
0 0.3836958646774292 0.1915130138397217 0.0646589756011963 0.07973523139953613
0 0.7931257963180542 0.4368980288505554 0.04146065711975098 0.09055960178375244
0 0.3070091247558594 0.3045705080032349 0.04849052429199219 0.08588852882385253
0 0.05294396961063625 0.571587366550623 0.1058879392212725 0.1061130161865032
0 0.7750912189483643 0.1974906802177429 0.05284337997436524 0.09148662090301514
0 0.37174837589263915 0.3127219915390015 0.07691464424133301 0.11231827735900879
0 0.33272705078125 0.34644322395324706 0.06693916320800782 0.1124664306640625
0 0.7194388389587403 0.14844218492507935 0.05351524353027344 0.0876321792602539
0 0.9369330406188965 0.9801335334777832 0.08839149475097656 0.03951892852783203
0 0.8257773399353028 0.4217967510223389 0.038931655883789065 0.09547595977783203
0 0.344249963760376 0.19268099665641786 0.05419349670410156 0.07287827730178834
0 0.08931124064034769 0.23176508273607416 0.08896966576576233 0.12407107353210449
0 0.181049041983522 0.2537993156558994 0.08472052951823601 0.11490849119532363
0 0.0933389574289322 0.3392633438110352 0.08558894991874695 0.08356695175170899
0 0.34632272720336915 0.260091131546332 0.057474946975708006 0.09041228294372558
0 0.04059829059829054 0.42580721747388406 0.06647673314339979 0.10802469135802471
0 0.019824311490978103 0.4626068376068376 0.039173789173789136 0.0985280151946819
0 0.058404558404558396 0.5415479582146249 0.0830959164292498 0.09496676163342828
0 0.16108736942070273 0.394349477682811 0.06291547958214631 0.10446343779677113
0 0.12250712250712247 0.19907407407407404 0.07597340930674269 0.11039886039886039
0 0.3492402659069326 0.2418091168091168 0.054605887939221304 0.08190883190883193
