0 0.6383955001831054 0.9363507270812989 0.08605413436889649 0.12020626068115234
0 0.41049741506576537 0.25280721187591554 0.066341233253479 0.0979471206665039
0 0.3393414497375488 0.7053011894226074 0.09421677589416504 0.1156097412109375
0 0.8333715438842774 0.2768739938735962 0.03991222381591797 0.106671142578125
0 0.03078982597054889 0.30706440947088803 0.06157965194109778 0.09916881604260605
0 0.9779652118682861 0.5256428718566895 0.04406957626342774 0.11460313796997071
0 0.043386194353282365 0.5503439335778376 0.08704012632369995 0.12816400527954103
0 0.538810920715332 0.5133738040924072 0.0593292236328125 0.11191310882568359
0 0.051580481930057764 0.48683391089739414 0.10135546326637268 0.13385591506958022
0 0.7540493011474609 0.20486080501825357 0.039194679260253905 0.0951813697814943
0 0.46442456245422364 0.6913248538970947 0.08098154067993164 0.11637077331542969
0 0.7808046779692147 0.353470063667008 0.046174240112304685 0.09830775260925292
0 0.39485483169555663 0.6706847190856934 0.09545230865478516 0.14337167739868165
0 0.9822589874267578 0.41768808364868165 0.035482025146484374 0.11356840133666993
0 0.43098931312561034 0.4029544830322266 0.06120166778564453 0.12142934799194335
0 0.20915190937369071 0.2265531501829598 0.06221938133239746 0.0939069271087647
0 0.20098833077616696 0.6116417760883044 0.07816613184347164 0.12365977669443103
0 0.7550548521124428 0.2936189201249443 0.07280492957071331 0.10374832663989288
0 0.45601739883422854 0.38921775817871096 0.06775007247924805 0.10556707382202149
0 0.2339357429718876 0.20158411423471667 0.06135653726015172 0.09817045961624275
0 0.747657295850067 0.17983043284248107 0.04239178937974131 0.09482373940205265
0 0.7766622043730478 0.22891566265060243 0.029004908522980738 0.10374832663989288
0 0.0905845604640786 0.4325078090138332 0.07585899152164215 0.13163766175814376
0 0.14022757697456495 0.6639892904953146 0.10597947344935295 0.13944667559125395
0 0.2501115573404731 0.564145470771977 0.08701472556894253 0.10486390004462294
0 0.28915662650602414 0.5122713074520303 0.09370816599732261 0.11267291387773318
0 0.3242971887550201 0.4458946898705935 0.09705488621151265 0.12048192771084343
