0 0.7338123798370362 0.9603684425354004 0.07684783935546875 0.078900146484375
0 0.6590385437011719 0.55052490234375 0.08234577178955078 0.10700244903564453
0 0.40552358627319335 0.7535332679748535 0.08998174667358398 0.10694770812988282
0 0.9355207443237304 0.4987052917480469 0.05958480834960937 0.11187906265258789
0 0.48724961280822754 0.25341262817382815 0.05836353302001953 0.09891157150268555
0 0.9024717330932617 0.2561601161956787 0.057489776611328126 0.10223236083984374
0 0.4132262706756592 0.47433018684387207 0.08506259918212891 0.10565414428710937
0 0.27260327339172363 0.6426042079925537 0.08298840522766113 0.11841974258422852
0 0.09899656772613526 0.3028928279876709 0.08377695083618164 0.09766488075256348
0 0.3479635000228882 0.5527042388916016 0.06587128639221192 0.12200202941894531
0 0.17204789657134553 0.4741212824085453 0.09484654389344174 0.13217649875102458
0 0.5193740367889405 0.7456893920898438 0.06298046112060547 0.11156330108642579
0 0.12791962623596193 0.48894944190979006 0.0877316951751709 0.11901845932006835
0 0.9781577110290527 0.4553062915802002 0.043297195434570314 0.12206363677978516
0 0.39800894260406494 0.3656854271888733 0.05685725212097168 0.09896056652069092
0 0.30662853717803956 0.5880729198455811 0.08233141899108887 0.11213474273681641
0 0.9377914428710937 0.40106921195983886 0.05976371765136719 0.11709794998168946
0 0.07334414780796232 0.5851953039417516 0.10264425157188055 0.14617595868306366
0 0.8521330833435059 0.30940029621124265 0.04663639068603516 0.0958470344543457
0 0.2049026072025299 0.6942028999328613 0.09397114515304565 0.10747566223144531
0 0.3740289330482483 0.38723342418670653 0.0656477689743042 0.11620650291442872
0 0.13963963963963968 0.225975975975976 0.10010010010010018 0.11386386386386389
0 0.4571215152740479 0.6787540435791015 0.0674464225769043 0.10302038192749023
0 0.8307859420776367 0.18450374603271485 0.049407958984375 0.09514694213867188
0 0.846741008758545 0.20098853707313538 0.05863533020019531 0.09801682233810424
0 0.8593987464904785 0.21920475959777833 0.05389461517333984 0.08294496536254883
0 0.8358407020568848 0.26517333984375 0.04173469543457031 0.08105654716491699
0 0.23911411411411415 0.20845845845845848 0.061311311311311345 0.11136136136136138
0 0.049799799799799815 0.6109109109109109 0.09959959959959963 0.1347847847847848
