0 0.2899451732635498 0.6788226127624511 0.09369196891784667 0.1131138801574707
0 0.641142463684082 0.5830540180206298 0.06327705383300782 0.11978740692138672
0 0.7158308029174805 0.24413350224494934 0.04070920944213867 0.0992052435874939
0 0.354162859916687 0.5784395217895508 0.09025058746337891 0.11411809921264648
0 0.6959863662719726 0.8143430709838867 0.06807508468627929 0.11729011535644532
0 0.23601202964782714 0.7282858848571777 0.10326690673828125 0.11231784820556641
0 0.52430739402771 0.6330822467803955 0.06229877471923828 0.10367279052734375
0 0.2352428913116455 0.32076420783996584 0.08476777076721191 0.10516166687011719
0 0.8112051963806153 0.43228917121887206 0.06728115081787109 0.11313886642456054
0 0.9823180198669433 0.17480895519256592 0.03493843078613281 0.10418291091918945
0 0.38635889291763303 0.5427258014678955 0.06799018383026123 0.1153045654296875
0 0.7962019205093384 0.35240397453308103 0.053282880783081056 0.1049311637878418
0 0.3174847841262817 0.2512412786483765 0.05322599411010742 0.0947680950164795
0 0.07783726453781128 0.5573849201202392 0.11189820766448974 0.10086126327514648
0 0.510235595703125 0.7542185068130494 0.07069673538208007 0.1085172176361084
0 0.7804244041442872 0.9153659820556641 0.06432666778564453 0.10154342651367188
0 0.1980869948863983 0.34194728136062624 0.07602459192276001 0.11805980205535889
0 0.6510127067565918 0.8782854080200195 0.07352352142333984 0.09573249816894532
0 0.04324306845664978 0.19217969179153443 0.07819401025772095 0.09513399600982667
0 0.14952791929244996 0.18711283802986145 0.07108104228973389 0.10449432134628296
0 0.4510209083557129 0.8161060333251953 0.09007472991943359 0.1229928970336914
0 0.0949984222650528 0.48203377723693847 0.11373264193534852 0.09741449356079102
0 0.046635353565216066 0.6066028594970703 0.09126859903335571 0.11984567642211914
0 0.4923129428017724 0.6698329324598189 0.0922334932111524 0.12705085179707912
0 0.6529313087463379 0.8773412704467773 0.0731689453125 0.09606876373291015
0 0.2437718547022975 0.20807576523170815 0.06311928498017057 0.10308846740035323
0 0.825950950950951 0.40302802802802806 0.0487987987987988 0.12012012012012013
0 0.9828953953953955 0.6776901901901902 0.03235735735735745 0.10387887887887876
