0 0.4790123462677002 0.14809501469135283 0.05278358459472656 0.10231985449790955
0 0.3786628842353821 0.1770324945449829 0.06969802379608155 0.09734673500061035
0 0.9815433979034424 0.20504379272460938 0.03691320419311524 0.08326716423034668
0 0.2814150333404541 0.7515525102615357 0.09203519821166992 0.11279311180114746
0 0.5430065155029297 0.9032866477966308 0.08326930999755859 0.11015338897705078
0 0.33209307193756105 0.6972432613372803 0.09054722785949706 0.11138582229614258
0 0.9710633754730225 0.7355988025665283 0.05787324905395508 0.11158943176269531
0 0.7895110130310059 0.7236133098602295 0.06295433044433593 0.11612157821655274
0 0.42864813804626467 0.642686414718628 0.059088516235351565 0.09439353942871094
0 0.5982154846191406 0.858577823638916 0.0873800277709961 0.13024673461914063
0 0.571905517578125 0.18703951239585875 0.03953285217285156 0.08747731447219849
0 0.5874703884124756 0.29066803455352785 0.043208885192871097 0.1091552734375
0 0.6807230472564697 0.6713980197906494 0.06244354248046875 0.10984582901000976
0 0.6229800176095438 0.3688110256457592 0.04826233752138962 0.11848405481458786
0 0.7163969039916992 0.6275374889373779 0.04893779754638672 0.11569299697875976
0 0.04767267267267272 0.25162662662662666 0.06881881881881882 0.10510510510510511
0 0.8674023628234864 0.923914623260498 0.07625598907470703 0.10737152099609375
0 0.020468828827142717 0.2776393175125122 0.04059249609708786 0.09905648231506348
0 0.75897646778458 0.7513843021354637 0.05762264000641574 0.12160577010344698
0 0.8088233232498169 0.9804914474487305 0.06940722465515137 0.039017105102539064
0 0.2372519254684448 0.21702969074249268 0.07599682807922363 0.08728313446044922
0 0.6395145145145146 0.3342092092092092 0.06631631631631615 0.12262262262262263
