0 0.45578765869140625 0.17130013704299926 0.06932859420776367 0.10363848209381103
0 0.5628120422363281 0.14074091911315917 0.05575838088989258 0.10717644691467285
0 0.6795573711395264 0.8918910026550293 0.07591018676757813 0.11512527465820313
0 0.6147074699401855 0.9532541275024414 0.06487960815429687 0.09312725067138672
0 0.6351260662078857 0.1850799560546875 0.05342922210693359 0.09236788749694824
0 0.8562905311584472 0.7457767009735108 0.061023712158203125 0.10789680480957031
0 0.8209553956985474 0.8008626937866211 0.07322287559509277 0.10011539459228516
0 0.8231654405593872 0.6462902069091797 0.07661070823669433 0.1313572883605957
0 0.5346560001373291 0.2750770807266235 0.04059467315673828 0.10653529167175294
0 0.35136590003967283 0.7779488325119018 0.08959112167358399 0.10077843666076661
0 0.9569808959960937 0.9673416137695312 0.0860382080078125 0.06507701873779297
0 0.5224685192108154 0.6940621852874755 0.06787576675415039 0.08753490447998047
0 0.3956617832183838 0.7483475685119629 0.09926700592041016 0.10345268249511719
0 0.5652700007260144 0.3515265201543783 0.0696601987481714 0.10970969696541327
0 0.7852555629846689 0.683739460886897 0.0876470321888203 0.0917302874354152
0 0.023538310825824738 0.25368695259094237 0.04611862599849701 0.08906664848327636
0 0.01101101101101102 0.2837587587587588 0.02202202202202204 0.05085085085085089
0 0.5875875875875876 0.31418918918918926 0.07757757757757755 0.12012012012012013
0 0.21721721721721726 0.2240990990990991 0.07507507507507503 0.11011011011011013
