0 0.7694973468780517 0.6297357082366943 0.0688563346862793 0.0951664924621582
0 0.7313660732588085 0.2567808850651566 0.04626798629760742 0.10274744033813477
0 0.8051599740982056 0.2684087038040161 0.039960813522338864 0.10056562423706054
0 0.8388901710510254 0.4312488555908203 0.05271759033203125 0.09805402755737305
0 0.9146042823791504 0.9753236770629883 0.07837944030761719 0.04935264587402344
0 0.7630634307861328 0.20346252322196962 0.043771553039550784 0.09867106676101685
0 0.7010808944702148 0.14444663524627685 0.03747358322143555 0.09615957736968994
0 0.31606829166412354 0.34044383764266967 0.07747111320495606 0.12991573810577392
0 0.08090453978277679 0.22711140158509255 0.07836040258407592 0.1139399528503418
0 0.3600353002548218 0.1901017189025879 0.05879659652709961 0.08415446281433106
0 0.802025032043457 0.4390510082244873 0.04619331359863281 0.09016761779785157
0 0.3635448217391968 0.31602325439453127 0.07399849891662598 0.11829710006713867
0 0.19147632718086244 0.2537450075149536 0.06509770154953003 0.09617795944213867
0 0.2677471585083551 0.22410411056969579 0.05543733695973019 0.1034788764100469
0 0.039892729017299795 0.4260777917909033 0.07975870150955991 0.08611602135646487
0 0.10944919278252609 0.20382241215574545 0.08784425451092112 0.11039886039886042
0 0.06493352326685659 0.33380816714150047 0.07478632478632478 0.09259259259259259
0 0.14862298195631526 0.3878205128205128 0.09496676163342828 0.1198955365622032
0 0.3278727445394111 0.2050094966761633 0.07122507122507121 0.09852801519468186
0 0.28395061728395055 0.28869895536562196 0.049857549857549824 0.1258309591642925
0 0.3225308641975308 0.26970560303893637 0.05579297245963914 0.10446343779677116
0 0.3314339981006647 0.24299620132953464 0.06647673314339973 0.09140550807217475
0 0.04475308641975304 0.5415479582146249 0.07716049382716048 0.09496676163342828
0 0.03644349477682806 0.5771604938271604 0.07241215574548905 0.1092117758784425
0 0.015075973409306706 0.4709164292497625 0.029677113010446336 0.08428300094966763
