0 0.7691081762313843 0.9424942970275879 0.09477887153625489 0.10944232940673829
0 0.6455759525299072 0.13893706798553468 0.048965167999267575 0.10035297870635987
0 0.6154479503631591 0.7505225658416748 0.084051513671875 0.0987015724182129
0 0.5294006824493408 0.16773076057434083 0.049171161651611325 0.10435981750488281
0 0.6939934730529785 0.18312381505966185 0.039643478393554685 0.08933365345001221
0 0.4796722888946533 0.26455464363098147 0.05061969757080078 0.09661474227905273
0 0.5218614109046944 0.3345190403339741 0.08140230331573653 0.10071976234962987
0 0.4551712512969971 0.8045333623886108 0.08726778030395507 0.13404335975646972
0 0.8822572572572572 0.8378378378378379 0.08633633633633622 0.11886886886886892
0 0.7017308235168457 0.9853568077087402 0.0463831901550293 0.02880706787109375
0 0.8967842102050781 0.6429196357727051 0.04531383514404297 0.10371866226196289
0 0.881031608581543 0.6960758209228516 0.057130050659179685 0.09082422256469727
0 0.19646320111520063 0.22318175595563217 0.07404056473656587 0.10193478638703403
0 0.42524040937423707 0.8460589170455932 0.09967348575592042 0.10234131813049316
0 0.9222972972972973 0.7834084084084084 0.08133133133133141 0.10760760760760764
0 0.5331581581581581 0.2997997997997998 0.06881881881881866 0.12137137137137133
