0 0.6163790225982666 0.16858989596366883 0.055097770690917966 0.10382257699966431
0 0.758340311050415 0.18421537280082703 0.04808197021484375 0.09213391542434693
0 0.44057040214538573 0.25144252777099607 0.04643888473510742 0.11018643379211426
0 0.4805911142188865 0.32015830741391643 0.06378483104037563 0.11568939117817317
0 0.530437546592575 0.857857857857858 0.08339761570767232 0.12887887887887886
0 0.8659103393554688 0.9725275039672852 0.07120227813720703 0.054217529296875
0 0.7035975456237793 0.7981395483016968 0.06961755752563477 0.09360833168029785
0 0.9805445671081543 0.8220975160598755 0.038910865783691406 0.09874224662780762
0 0.7352078437805176 0.11867423057556152 0.04379606246948242 0.0925185203552246
0 0.18388111591339112 0.22234016060829162 0.05844039916992187 0.09247015714645386
0 0.941912841796875 0.8628250122070312 0.04525146484375 0.10655632019042968
0 0.4943693693693694 0.2866616616616616 0.07132132132132132 0.11511511511511512
0 0.4912412412412413 0.8966466466466468 0.08758758758758763 0.10385385385385389
0 0.973511011011011 0.7064314314314315 0.05112612612612616 0.10380380380380372
0 0.9872747747747747 0.6499249249249249 0.02359859859859857 0.09089089089089081
