0 0.6986310482025146 0.17092578411102294 0.06404333114624024 0.10078439712524415
0 0.7944459915161133 0.869228458404541 0.0699249267578125 0.108380126953125
0 0.4210705742105708 0.3148455866822251 0.06776876148876848 0.11392540759868447
0 0.8123058319091797 0.18839989900588988 0.04514255523681641 0.08763258457183838
0 0.5971186637878418 0.9050317764282226 0.07496280670166015 0.10608024597167968
0 0.39853607416152953 0.23450689315795897 0.045338225364685056 0.10907955169677734
0 0.537030553817749 0.9539661884307862 0.06343069076538085 0.09206762313842773
0 0.03999173641204834 0.38800606550993744 0.07998347282409668 0.1221360171282733
0 0.98472900390625 0.8795145988464356 0.029657363891601562 0.1023416519165039
0 0.1787244498729706 0.2266862392425537 0.06262651681900025 0.08693947792053222
0 0.024149149149149163 0.4132507507507508 0.04829829829829833 0.0746496496496497
0 0.44431931931931934 0.2741491491491492 0.06631631631631621 0.12012012012012016
0 0.8203203203203203 0.113988988988989 0.065065065065065 0.10760760760760758
