0 0.890296745300293 0.941774845123291 0.06431789398193359 0.11645030975341797
0 0.6708285808563232 0.9536734580993652 0.09196329116821289 0.0913015365600586
0 0.869040584564209 0.19223691821098327 0.039385986328125 0.09008065462112427
0 0.7751992225646973 0.17298669815063478 0.038476753234863284 0.09484062194824219
0 0.3857896752424307 0.29663979980919336 0.07326549435998354 0.10504136138014847
0 0.8855742518966262 0.08777314503868303 0.02790526055000934 0.10022096475204068
0 0.10470525538539506 0.40753860375783346 0.09239129103101178 0.09160373404219345
0 0.17724592685699464 0.22760283946990967 0.05883970260620117 0.08910646438598632
0 0.3494881629943848 0.22231240272521974 0.054870080947875974 0.09257221221923828
0 0.07086355227891272 0.4260305473515699 0.10251713968641887 0.10414511150306659
0 0.6153403403403404 0.9832082082082083 0.07302302302302295 0.03173173173173167
0 0.39489489489489493 0.2653903903903904 0.065065065065065 0.11761761761761762
