0 0.6897045612335205 0.5994917392730713 0.05885190963745117 0.10318479537963868
0 0.6791580200195313 0.25954604148864746 0.047265052795410156 0.0994727611541748
0 0.8171697854995728 0.9302857398986817 0.08351683616638184 0.0957937240600586
0 0.636159610748291 0.15336468815803528 0.04130744934082031 0.0966525912284851
0 0.7416656017303467 0.28423521518707273 0.05610580444335937 0.10691814422607422
0 0.034466216418138525 0.24457455328953112 0.07049938440322875 0.1258252620697021
0 0.9669822692871094 0.9545672416687012 0.06299114227294922 0.09032859802246093
0 0.23089919407256762 0.37329667420581986 0.08902182579040527 0.1506796360015869
0 0.7018870830535888 0.20225972533226014 0.04850559234619141 0.09958287477493286
0 0.33926441669464114 0.2185814380645752 0.0543419361114502 0.10355639457702637
0 0.8538672732491779 0.47384188815965494 0.07308082580566407 0.10825080871582021
0 0.972914743423462 0.8199643135070801 0.05417051315307617 0.1152109146118164
0 0.08872464448213577 0.3637614488601685 0.09439514577388763 0.10947003364562988
0 0.26521862662642326 0.2971658818289312 0.07448182106018067 0.1264026165008545
0 0.29072767895737495 0.19438177898512046 0.05919179916381836 0.09364705085754405
0 0.04178537511870841 0.19729344729344725 0.08072174738841406 0.11870845204178535
0 0.20500949667616333 0.30472459639126304 0.07241215574548905 0.09615384615384617
0 0.28810541310541304 0.32668566001899335 0.0819088319088319 0.0997150997150997
0 0.2418091168091168 0.19669990503323834 0.05104463437796767 0.08903133903133904
0 0.24299620132953464 0.21984805318138648 0.053418803418803354 0.07597340930674266
0 0.2625830959164292 0.2513057929724597 0.06647673314339979 0.09852801519468186
0 0.8947056030389362 0.4537037037037037 0.0439221272554604 0.11633428300094971
