0 0.6273651123046875 0.7882239103317261 0.08234386444091797 0.113822603225708
0 0.28774712085723875 0.40442625284194944 0.07459826469421386 0.1127709150314331
0 0.6325047016143799 0.2761242389678955 0.044754409790039064 0.10233583450317382
0 0.685505083206299 0.1926037043362886 0.05417451858520508 0.10805922746658325
0 0.8234199523925781 0.2091214895248413 0.039052391052246095 0.10701770782470703
0 0.678601884841919 0.7377172946929932 0.07515830993652343 0.1319951057434082
0 0.21908915042877197 0.438568913936615 0.06859607696533203 0.11446106433868408
0 0.7939934492111206 0.19356001019477845 0.031080102920532225 0.09064563512802123
0 0.7202050685882568 0.6992258548736572 0.06079320907592774 0.12096834182739258
0 0.30895955520826546 0.5655348906407247 0.07177057927315886 0.10229100250267038
0 0.22709747359559346 0.6530897708984467 0.10286210986587031 0.11473810035545179
0 0.07324669808149338 0.3171867370605469 0.07382005751132965 0.08995261192321777
0 0.7619725854023668 0.33266355897363364 0.0631077766418457 0.11868000030517578
0 0.3636480689048767 0.6568688869476318 0.07360680103302002 0.11271953582763672
0 0.5063941955566407 0.28051745891571045 0.06822128295898437 0.09041013717651367
0 0.1675889492034912 0.3858895778656006 0.05802903175354004 0.09008731842041015
0 0.10925301313400268 0.7175719261169433 0.10726687908172608 0.13968477249145508
0 0.025846953694526848 0.47078531122541756 0.051693907389053696 0.08416321504342773
0 0.01633788947989277 0.5436648263110294 0.03389078760678112 0.08909677380436773
0 0.9716257095336914 0.8946093559265137 0.054090118408203124 0.1374042510986328
0 0.3854137182235718 0.6444990634918213 0.06649508476257324 0.12177362442016601
0 0.5988488488488489 0.9266766766766767 0.07257257257257253 0.10135135135135137
0 0.2603853853853854 0.6213713713713714 0.08883883883883884 0.10885885885885879
0 0.3173173173173174 0.5250250250250251 0.08508508508508507 0.10635635635635644
0 0.01701701701701705 0.4136636636636637 0.032532532532532556 0.05630630630630633
0 0.1746746746746747 0.22660160160160162 0.06006006006006004 0.10510510510510511
0 0.6623357228195937 0.1724910394265233 0.035842293906809965 0.10155316606929511
0 0.7728494623655915 0.30391278375149344 0.05675029868578263 0.09557945041816006
