0 0.41137012243270876 0.212124103307724 0.054614472389221194 0.10299893617630004
0 0.6210713386535645 0.26806809902191164 0.045414161682128903 0.09946398735046387
0 0.5701458930969239 0.1583530306816101 0.042413520812988284 0.10031883716583252
0 0.9264922142028809 0.7728964805603027 0.07913761138916016 0.11358871459960937
0 0.6261861801147461 0.5699848651885986 0.0548405647277832 0.10654144287109375
0 0.8728710174560547 0.8860170364379882 0.07092647552490235 0.10519638061523437
0 0.97030611038208 0.7223803043365479 0.046733856201171875 0.11135711669921874
0 0.31479721069335936 0.22503103613853453 0.05856642723083496 0.10251752138137818
0 0.6807808876037598 0.29708840847015383 0.04450778961181641 0.09494867324829101
0 0.7350403340566983 0.864897448203729 0.08315792083740234 0.09518890380859385
0 0.6559777736663819 0.22361688017845155 0.050148963928222656 0.10207129716873169
0 0.9020010930973354 0.48286805152893064 0.08241100311279297 0.11018552780151367
0 0.14714021124617888 0.3885206406499133 0.08709659576416015 0.13284366130828856
0 0.027746248245239257 0.25851922035217284 0.053278768062591554 0.08584361076354981
0 0.6366681098937989 0.2496345043182373 0.055058765411376956 0.12574844360351561
0 0.18985099551344864 0.2869211785360845 0.07253372669219971 0.10894966125488281
0 0.19466853737831116 0.34621873701173467 0.08672655820846557 0.10996999740600585
0 0.036988753080368045 0.3494065761566162 0.07397750616073609 0.09527502059936524
0 0.9594017094017092 0.48278727445394104 0.04036087369420708 0.1293922127255461
0 0.13675213675213668 0.31362773029439694 0.05935422602089267 0.10921177587844255
0 0.1919515669515669 0.2459639126305793 0.07716049382716053 0.08784425451092116
0 0.16820987654320985 0.2133190883190883 0.04867046533713209 0.09852801519468184
0 0.20916429249762583 0.19729344729344725 0.08072174738841406 0.08784425451092119
