0 0.6351922035217286 0.21785311698913573 0.05600872039794922 0.09742937088012696
0 0.3672006964683533 0.282125186920166 0.0717005968093872 0.09414629936218262
0 0.8857129096984864 0.5989232063293457 0.05474720001220703 0.11464757919311523
0 0.4486230850219727 0.6363737106323242 0.09296112060546875 0.1097097396850586
0 0.8410412187929507 0.9353916609728777 0.08151709945113571 0.10573702564945928
0 0.27584103023154727 0.2983641657086445 0.08844776007909719 0.12453932799470012
0 0.9874860763549804 0.2685268402099609 0.02502784729003906 0.12543878555297852
0 0.7661736338226883 0.7731029404534234 0.046525508386117444 0.1182544920179579
0 0.7917166233062745 0.6316319465637207 0.05922231674194336 0.09722099304199219
0 0.15144670009613037 0.6677088737487793 0.08581266403198243 0.1163865089416504
0 0.3410592317581177 0.6464649200439453 0.08351826667785645 0.10953817367553711
0 0.6869991019920066 0.8890068425072564 0.09012216638635706 0.11568729612562391
0 0.29755094051361086 0.4779548645019531 0.07717390060424804 0.10638923645019531
0 0.03280832378770521 0.5572737686139747 0.06668575792287128 0.09545628102329126
0 0.26590909825430975 0.7760625512511642 0.10764939608397307 0.11020128638656052
0 0.13265334367752074 0.3179419755935669 0.07505736351013184 0.10445656776428222
0 0.4515384674072266 0.502177095413208 0.05897703170776367 0.10673627853393555
0 0.42729530334472654 0.5322375297546387 0.06396398544311524 0.10886631011962891
0 0.08783591091632843 0.523708724975586 0.11731657385826111 0.12422618865966797
0 0.7941732168197632 0.19804487228393555 0.05381665229797363 0.06785478591918945
0 0.7559431076049805 0.5487973690032959 0.045630455017089844 0.07854394912719727
0 0.05311833182708957 0.44572115828855297 0.0892381101846695 0.10691621303558349
0 0.24734986623128255 0.5386992772420247 0.08255721198187935 0.10315700107150608
0 0.28136639595031737 0.6980907917022705 0.08720145225524903 0.1022873878479004
0 0.21524467468261718 0.6263177871704102 0.09134039878845215 0.10911130905151367
0 0.18353408575057983 0.6348409652709961 0.07592308521270752 0.10352134704589844
0 0.17686631944444445 0.22135416666666666 0.06438078703703703 0.10416666666666667
0 0.7360387731481481 0.8409288194444444 0.08752893518518519 0.12080439814814815
0 0.8579282407407407 0.8901186342592593 0.06799768518518519 0.10344328703703703
0 0.7667824074074074 0.7194010416666666 0.05642361111111111 0.10344328703703703
0 0.2517361111111111 0.7125289351851852 0.0708912037037037 0.08969907407407407
0 0.25390625 0.5074508101851852 0.05787037037037037 0.08897569444444445
0 0.23988163421153108 0.2780641466208476 0.040091638029782425 0.11550210003818251
