0 0.515614652633667 0.2742903470993042 0.058818721771240236 0.09358682632446289
0 0.7588767051696778 0.16667352318763734 0.04301166534423828 0.09459422826766968
0 0.9111937522888184 0.2997593402862549 0.04583606719970703 0.11564326286315918
0 0.27129065990448 0.34902578592300415 0.08346433639526367 0.10242297649383544
0 0.5905998229980469 0.6990294456481934 0.07026700973510742 0.1278395652770996
0 0.5032028198242188 0.7079696178436279 0.08309926986694335 0.10706596374511719
0 0.4171338487268478 0.2670151009590377 0.06901615319857628 0.12109050583421145
0 0.27549943923950193 0.7275298118591309 0.10165581703186036 0.11243143081665039
0 0.4276209831237793 0.5436114311218262 0.08106317520141601 0.11734418869018555
0 0.8561911597758923 0.95586917562724 0.08271923361428467 0.08826164874551976
0 0.5961339473724365 0.5538256645202637 0.051360797882080075 0.10599222183227539
0 0.37519834041595457 0.6106824398040771 0.082542085647583 0.1341160774230957
0 0.9697398185729981 0.26505188941955565 0.04731483459472656 0.11133618354797363
0 0.19237775802612306 0.5869407176971435 0.09251995086669922 0.1213766098022461
0 0.3925638198852539 0.822606372833252 0.08088083267211914 0.11204719543457031
0 0.5629398822784424 0.5855971336364746 0.05283536911010742 0.09388875961303711
0 0.9764423370361328 0.7151861190795898 0.047115325927734375 0.09591712951660156
0 0.9477064132690429 0.6270225048065186 0.046832275390625 0.09592924118041993
0 0.14121718108654022 0.5933773994445801 0.09815612435340881 0.13277931213378907
0 0.10312056839466095 0.6288037300109863 0.12210926413536072 0.10761833190917969
0 0.1724546432495117 0.485322904586792 0.08705654144287109 0.09985170364379883
0 0.9326951026916503 0.8318249702453613 0.04772243499755859 0.09982147216796874
0 0.1869842529296875 0.22302113175392152 0.06244325637817383 0.09012755155563354
0 0.11716036796569824 0.5079885482788086 0.06350629329681397 0.07898082733154296
0 0.3818462137965176 0.7613865811907405 0.07710805030421689 0.07862740371959323
0 0.035577805505858505 0.43299044061590125 0.06556147520924795 0.0714206960466173
0 0.07846138775348663 0.38768714666366577 0.058058351278305054 0.09688065052032471
0 0.9855792045593261 0.30351810455322265 0.028841590881347655 0.10633530616760253
0 0.38463109731674194 0.2577177047729492 0.04558117389678955 0.11280555725097656
0 0.9231542587280274 0.7930530786514283 0.058745384216308594 0.11556391716003418
0 0.9088885307312011 0.1750214636325836 0.04255390167236328 0.06642750501632691
0 0.8874701314217444 0.9106182795698925 0.04405615292712071 0.09184587813620065
0 0.39351851851851855 0.5667562724014337 0.06123058542413381 0.10155316606929517
0 0.2994324970131422 0.7082586618876943 0.07168458781362008 0.10379330943847075
0 0.32631421744324973 0.6866039426523297 0.07467144563918755 0.08587216248506571
0 0.4095728793309439 0.7523148148148148 0.07541816009557945 0.10528673835125452
0 0.08960262345679011 0.5313464506172839 0.059799382716049405 0.06558641975308635
0 0.028404706790123444 0.5504147376543209 0.05680941358024689 0.10268132716049376
0 0.040412808641975294 0.4869791666666667 0.0771604938271605 0.08487654320987646
0 0.05343364197530862 0.4112654320987654 0.05883487654320987 0.08391203703703703
