0 0.25258421897888184 0.6211119651794433 0.0978403091430664 0.11609649658203125
0 0.7847981214523315 0.24611618518829345 0.05987286567687988 0.1043609619140625
0 0.25729568004608155 0.7531904935836792 0.10831265449523926 0.09998345375061035
0 0.5422384528255967 0.34862097268382075 0.0580495493752615 0.11376995939426322
0 0.5612917900085449 0.9374855041503907 0.06849441528320313 0.10496559143066406
0 0.4586161136627197 0.3252886772155762 0.06188688278198242 0.11035304069519043
0 0.8230369806289672 0.45667257308959963 0.056654500961303714 0.11543550491333007
0 0.792149543762207 0.5489990234375 0.04956340789794922 0.09978199005126953
0 0.34214119911193847 0.405076789855957 0.06927361488342285 0.11037406921386719
0 0.7174082279205323 0.6949258327484131 0.07432527542114258 0.11752796173095703
0 0.68091655206428 0.3137652993832946 0.05516425036879435 0.11496446120045173
0 0.2749699354171753 0.46286516189575194 0.06743373870849609 0.10335283279418946
0 0.11765489280223847 0.5851696014404297 0.08848891854286194 0.11675148010253907
0 0.8265862703323364 0.9675112724304199 0.06782565116882325 0.06491107940673828
0 0.8805950164794922 0.9330018043518067 0.07025146484375 0.11579647064208984
0 0.6237423419952393 0.8906898498535156 0.08457717895507813 0.10882759094238281
0 0.5228440761566162 0.7925323963165283 0.0897216796875 0.13821306228637695
0 0.16612348556518555 0.5569807529449463 0.07843947410583496 0.11453084945678711
0 0.6564703464508057 0.7399883270263672 0.055344581604003906 0.1060185432434082
0 0.25734820365905764 0.48617281913757326 0.08662056922912598 0.11073379516601563
0 0.5477312564849853 0.601957368850708 0.0556391716003418 0.1057525634765625
0 0.8988758087158203 0.18073239922523499 0.03676109313964844 0.1110798716545105
0 0.4613555908203125 0.8721446037292481 0.09091215133666992 0.10707283020019531
0 0.6251816272735595 0.7688477277755738 0.06563539505004883 0.07657017707824706
0 0.6547860145568848 0.8649424552917481 0.09428377151489258 0.12542858123779296
0 0.5027390480041504 0.6354995727539062 0.061899566650390626 0.09476947784423828
0 0.8755809783935546 0.1764426589012146 0.03706684112548828 0.11511695384979248
0 0.491345739364624 0.6814183712005615 0.08090581893920898 0.1014312744140625
0 0.9784702301025391 0.017787259817123414 0.025485801696777343 0.03305686116218567
0 0.4240414817497213 0.23079592185045672 0.053605450271929395 0.09535507121414102
0 0.9787525177001953 0.8909747123718261 0.04221401214599609 0.10033760070800782
0 0.4588175296783447 0.8114334344863892 0.0637812614440918 0.06951708793640136
0 0.33866324424743655 0.3428964614868164 0.04335441589355469 0.072623872756958
0 0.18261364102363586 0.21855064034461974 0.06205552816390991 0.08563469648361206
0 0.980658644404911 0.8209109770584708 0.038346445626213053 0.12334747062695128
0 0.4365079365079364 0.21122685185185183 0.047949735449735444 0.08928571428571425
0 0.5481150793650793 0.3158068783068783 0.05373677248677243 0.10830026455026456
0 0.689277447089947 0.2583498677248677 0.03761574074074074 0.08184523809523807
0 0.6694361772486772 0.2310681216931217 0.0367890211640212 0.0884589947089947
0 0.010933806146572134 0.30683609141055945 0.021670606776989763 0.05614657210401893
