0 0.6187088966369629 0.14433796107769012 0.06276559829711914 0.10152159333229065
0 0.695396614074707 0.40796335935592654 0.06763744354248047 0.09765083789825439
0 0.750740385055542 0.9773963451385498 0.06688394546508789 0.04520730972290039
0 0.8054455518722534 0.8517467498779296 0.07190632820129395 0.10639286041259766
0 0.8144365072250366 0.5726954936981201 0.04864659309387207 0.10071210861206055
0 0.6649471282958984 0.8784506797790528 0.07283811569213867 0.11119823455810547
0 0.27986095005304124 0.3667648940304526 0.0675475261829518 0.092541381147519
0 0.673120641708374 0.656788444519043 0.06604537963867188 0.10321979522705078
0 0.8195380926132202 0.5105740547180175 0.04270672798156738 0.07944326400756836
0 0.6560080528259278 0.6782852172851562 0.0838322639465332 0.11751585006713867
0 0.6190527439117431 0.9215478897094727 0.08379230499267579 0.1316629409790039
0 0.3536179780960083 0.3209861993789673 0.07376465797424317 0.1037714958190918
0 0.30199613482863813 0.23641009183577547 0.061168195583202224 0.10457172688142753
0 0.9752902984619141 0.9568509101867676 0.048553085327148436 0.085589599609375
0 0.4321472764015198 0.3929715037345886 0.07745282649993897 0.10230934619903564
0 0.26972415123456794 0.3198784722222222 0.08053626543209878 0.10079089506172836
0 0.17981452941894532 0.28550503253936765 0.07718567848205567 0.1294431209564209
0 0.45208148956298827 0.3597239375114441 0.04340381622314453 0.09909985065460206
0 0.1816326141357422 0.22862420678138734 0.06759905815124512 0.0935555338859558
0 0.17046609572422358 0.3250268383046599 0.1006889820098877 0.13265299797058105
0 0.9483039855957032 0.21785180568695067 0.040621185302734376 0.09941263198852539
0 0.979277079592469 0.1844384707287933 0.036511148432249584 0.09109916367980883
0 0.9640083632019115 0.15979689366786143 0.03882915173237749 0.07019115890083633
0 0.43537808641975306 0.36617476851851855 0.06655092592592593 0.10464891975308646
0 0.2680362654320988 0.27719907407407407 0.07523148148148151 0.10706018518518519
0 0.30709876543209874 0.20341435185185186 0.059799382716049364 0.09645061728395062
0 0.11801016702977488 0.2539488017429194 0.07443718228031955 0.10121641249092232
0 0.2777777777777778 0.3876180101670298 0.07352941176470586 0.10620915032679742
