0 0.8402238845825195 0.20906858444213866 0.052481460571289065 0.10093369483947753
0 0.45136241912841796 0.17261143326759337 0.046383094787597653 0.10399464368820191
0 0.8528797149658203 0.9426920890808106 0.06677131652832032 0.10872402191162109
0 0.4382567203115278 0.37714691305442066 0.04941248530287031 0.11392946965068623
0 0.12861705124378203 0.3271083116531372 0.08395957350730895 0.1154299259185791
0 0.21916659517564635 0.32851166546632704 0.09575161909583556 0.1118977640753975
0 0.7810397443112669 0.7499187618324985 0.059076485619530675 0.10660224944144282
0 0.973262882232666 0.6639712810516357 0.053152275085449216 0.12637548446655272
0 0.5212458610534668 0.4188836574554443 0.04981975555419922 0.09956226348876954
0 0.6205321445432231 0.3514091329775834 0.05824664975937655 0.10876657469944125
0 0.7935549497604371 0.9820589065551758 0.03887429237365723 0.035882186889648435
0 0.1497831702232361 0.2588652610778809 0.06485390663146973 0.09956998825073242
0 0.04220933740457667 0.3149452489419323 0.0860053724264881 0.11755985101575946
0 0.9730317115783691 0.5935225486755371 0.05393657684326172 0.12037324905395508
0 0.25641989478870414 0.19915537065353944 0.06821227698190455 0.11698716529517549
0 0.9786684036254882 0.9122852325439453 0.04143447875976562 0.08820075988769531
0 0.8115615615615616 0.6947781114447781 0.05171838505171833 0.10343677010343676
0 0.6044358311800173 0.3156223083548665 0.0473729543496985 0.09851421188630494
0 0.6300064599483204 0.3175064599483204 0.04037467700258396 0.09259259259259259
0 0.41700214707461075 0.3572866344605475 0.04495437466451962 0.09594739667203432
0 0.215378421900161 0.17746913580246912 0.05233494363929144 0.09460547504025764
0 0.1767981749865808 0.22141706924315618 0.06374127750939343 0.10601180891035963
0 0.05132850241545893 0.28817767042404724 0.09594739667203435 0.11339237788513151
0 0.04495437466451959 0.24825550187869028 0.08990874932903918 0.10735373054213634
