0 0.37732539176940916 0.1814186990261078 0.07224359512329101 0.10368834733963013
0 0.44249610900878905 0.41289831399917604 0.06511602401733399 0.10815646648406982
0 0.7818413972854614 0.19978125691413878 0.044668722152709964 0.10341142416000366
0 0.9493964195251465 0.9571631908416748 0.0737222671508789 0.0856736183166504
0 0.5257987022399903 0.3664792776107788 0.07493057250976562 0.10750041007995606
0 0.8560959339141846 0.7785090920786378 0.06905813217163086 0.10728273442182588
0 0.4870180606842041 0.3479072093963623 0.038669490814208986 0.10091228485107422
0 0.22663983702659607 0.18805668354034424 0.07578421831130981 0.11840567588806153
0 0.6892642974853516 0.31008338928222656 0.05078945159912109 0.10301337242126465
0 0.14627458071582536 0.32434774820136014 0.09815851052602134 0.12312990042267652
0 0.17471904628491278 0.22152010063645705 0.06951084389257679 0.09449522772794042
0 0.8823578042328042 0.7331349206349207 0.0876322751322751 0.10582010582010576
0 0.10152116402116407 0.29828042328042326 0.07688492063492063 0.1140873015873016
0 0.09077380952380956 0.24991732804232808 0.07523148148148148 0.09176587301587297
0 0.1569113756613757 0.17385912698412703 0.0669642857142857 0.08515211640211641
