0 0.19804901480674744 0.6104421615600586 0.08730875253677368 0.11136856079101562
0 0.5880565643310547 0.17186167240142822 0.046064567565917966 0.10401105880737305
0 0.2532516956329346 0.5729812622070313 0.09602890014648438 0.10736656188964844
0 0.20368247032165526 0.31972384452819824 0.08272881507873535 0.10349869728088379
0 0.8109264373779297 0.29267776012420654 0.044168853759765626 0.1066443920135498
0 0.7755765914916992 0.2688524961471558 0.03672313690185547 0.08879532814025878
0 0.9716987609863281 0.23485116958618163 0.042616653442382815 0.09128684997558593
0 0.0242592181171492 0.4297854130672229 0.048534821402900934 0.09447080673930378
0 0.06777643412351608 0.188134503364563 0.079540553689003 0.10383777618408203
0 0.17857455015182494 0.2187999665737152 0.06732313632965088 0.08968693017959595
0 0.041536863966770504 0.37392263759086186 0.08307372793354101 0.09414157147802005
0 0.029698857736240925 0.16831083419868467 0.06014191761855314 0.09345794392523364
0 0.9506851173517842 0.2180843847510514 0.043413376746710135 0.1024284357617691
0 0.9396621896621896 0.2038393705060372 0.04103920770587445 0.0888617555284222
