0 0.4534477233886719 0.48039684295654295 0.05983572006225586 0.09785175323486328
0 0.7169627666473388 0.6544767379760742 0.06665105819702148 0.12436866760253906
0 0.6300112724304199 0.692081356048584 0.06734895706176758 0.11002655029296875
0 0.4130104660987854 0.30361161231994627 0.05624415874481201 0.10267634391784668
0 0.5916032791137695 0.18036748170852662 0.055158042907714845 0.10789453983306885
0 0.7591381072998047 0.6100011348724366 0.05175104141235352 0.11915302276611328
0 0.9652849197387695 0.8509212493896484 0.06943016052246094 0.09669723510742187
0 0.2085557222366333 0.23823127150535583 0.07212977409362793 0.09568759202957153
0 0.3578039169311523 0.17966969609260558 0.05398116111755371 0.10193046331405639
0 0.5241992839494437 0.7013466358184814 0.07503547668457031 0.09337244033813477
0 0.486741828918457 0.31404330730438235 0.058596229553222655 0.10500431060791016
0 0.49049763679504393 0.194347608089447 0.04177646636962891 0.10070722103118897
0 0.03056949488004953 0.32422494584905 0.06280090808868408 0.13604655265808094
0 0.46360154151916505 0.24694359302520752 0.04953489303588867 0.08510689735412598
0 0.02932098765432098 0.2679249762583096 0.04629629629629635 0.09852801519468186
