0 0.4372218608856201 0.18442490100860595 0.05537843704223633 0.09592766761779785
0 0.04210834950208664 0.25096931457519533 0.07865313589572906 0.09890913963317871
0 0.23103842735290528 0.4378967761993408 0.08296942710876465 0.11497650146484376
0 0.44045937280874475 0.7204503974876365 0.07611394081268462 0.1259160218415438
0 0.25938880443573 0.40091419219970703 0.08492875099182129 0.10997295379638672
0 0.04248247146606445 0.5670677661895752 0.0849649429321289 0.09231643676757813
0 0.9837708587708587 0.24248258702678316 0.03245828245828235 0.09648328557167782
0 0.1721948422549166 0.21247647295504699 0.07113425731658936 0.08597580194473269
0 0.47184684684684697 0.6864364364364366 0.08883883883883899 0.12637637637637636
0 0.955840455840456 0.22781847781847786 0.04782254782254804 0.09361009361009365
0 0.9414191419141914 0.1901356802346901 0.053171983865053105 0.10176017601760179
