0 0.4742285251617432 0.20504713654518128 0.06194744110107422 0.09958037137985229
0 0.696714448928833 0.3921261191368103 0.046578502655029295 0.09597856998443603
0 0.13236228227615357 0.27108125686645507 0.08729701042175293 0.10663576126098633
0 0.7473705768585205 0.633427619934082 0.05934305191040039 0.12577219009399415
0 0.549283218383789 0.4946336269378662 0.07446489334106446 0.10461368560791015
0 0.7149284839630127 0.6706029891967773 0.05941495895385742 0.111724853515625
0 0.16726598669881387 0.2246952193726569 0.06583652635823162 0.1004873955747546
0 0.6687268257141114 0.9280707359313964 0.08329534530639648 0.11024761199951172
0 0.05301958008964381 0.34694799881381905 0.09070535503656527 0.09261025384676626
0 0.9889068603515625 0.52915358543396 0.02157459259033203 0.08849658966064453
0 0.059153102146732764 0.1753361641896674 0.07607926397735315 0.10438782731776362
0 0.029959896201934462 0.2605567350790281 0.05897617362585516 0.07430997876857748
