0 0.31693577766418457 0.27387428283691406 0.07244114875793457 0.1075089454650879
0 0.8717769622802735 0.47034544944763185 0.053511619567871094 0.10674552917480469
0 0.3460243654657164 0.20608303804725017 0.06917768470272241 0.10289329966843913
0 0.7153969287872315 0.5014764308929444 0.07401552200317382 0.10671863555908204
0 0.9007598876953125 0.7335397720336914 0.05990314483642578 0.12363338470458984
0 0.8625201225280762 0.7780190229415893 0.058677291870117186 0.10502228736877442
0 0.12917027473449708 0.3705461144447327 0.08243930339813232 0.10638816356658935
0 0.9043871879577636 0.4312595844268799 0.03915615081787109 0.10196847915649414
0 0.0518068715929985 0.329645562171936 0.08380343019962311 0.1012545108795166
0 0.06861294656991959 0.5938235759735108 0.07569896876811981 0.09513397216796875
0 0.17860355377197265 0.3480538368225098 0.07594046592712403 0.10045809745788574
0 0.5616780281066894 0.34440476894378663 0.04716176986694336 0.10104384422302246
0 0.07003495544195175 0.29826319217681885 0.059827330708503726 0.10582547187805176
0 0.128262197971344 0.3171995639801025 0.055131268501281736 0.09361066818237304
0 0.16835712067144373 0.21116286319924488 0.07349176406860351 0.10157599449157707
0 0.18809137604758047 0.2779805352798054 0.07637199243038659 0.08988915923222492
