0 0.4159304976463318 0.2638916254043579 0.0701223611831665 0.1048515796661377
0 0.9815890312194824 0.8007346868515015 0.03681735992431641 0.12945294380187988
0 0.14052987098693848 0.6339766979217529 0.08314046859741211 0.09684438705444336
0 0.8123456001281738 0.4382338523864746 0.051233100891113284 0.10405006408691406
0 0.5220731258392334 0.32082912921905515 0.05539884567260742 0.10877418518066406
0 0.8453030586242676 0.4118091702461243 0.04119186401367188 0.10731847286224365
0 0.13061074912548065 0.3069234132766724 0.07083802819252014 0.1117973804473877
0 0.9549901008605957 0.8518654823303222 0.08162212371826172 0.12583503723144532
0 0.2065199613571167 0.37602007389068604 0.07625622749328613 0.10311722755432129
0 0.29880599975585936 0.21447135806083678 0.060037422180175784 0.08326870203018188
0 0.8007923841476441 0.5085350036621094 0.06912827491760254 0.09761219024658203
0 0.24218230206254152 0.3383787979596363 0.06209802616988248 0.09259259259259259
0 0.3145578622817993 0.30809726715087893 0.09892535209655762 0.09766988754272461
0 0.16031175134991327 0.21842612260691144 0.06974101066589355 0.09525480270385744
0 0.20586604568640493 0.3295076513639388 0.06487025948103796 0.1081170991350632
0 0.15873807939676202 0.28321135506764245 0.0670880461299623 0.0942559325792859
