0 0.6832185745239258 0.22754828929901122 0.06257925033569336 0.1039578914642334
0 0.9203001022338867 0.4955313682556152 0.08789234161376953 0.10761985778808594
0 0.6717376708984375 0.4323421359062195 0.07981386184692382 0.10281288623809814
0 0.05289875668854681 0.3799277335961806 0.10700657367706298 0.11420221328735351
0 0.6237368583679199 0.36583977937698364 0.04774885177612305 0.09095914363861084
0 0.09948292970657349 0.3225636720657349 0.08815414905548095 0.10787129402160645
0 0.6624740600585938 0.3402537822723389 0.03992509841918945 0.08822836875915527
0 0.44243788719177246 0.320263409614563 0.06448678970336914 0.0921320915222168
0 0.40743127896676384 0.3427017855708553 0.053300306918078924 0.09445907295934416
0 0.3564996957778931 0.2414543569087982 0.0527008056640625 0.09523125886917114
0 0.11886411011219025 0.22870044708251952 0.0697814404964447 0.08682847023010254
0 0.3153913736343384 0.24177439212799073 0.034747648239135745 0.0747960090637207
0 0.3726118803024292 0.7510968208312988 0.08511109352111816 0.09009113311767578
0 0.39606328182487116 0.30101790532254113 0.05764042187883247 0.10792249202845233
0 0.10475971839608202 0.18740434649525556 0.06887052341597795 0.10866238138965409
0 0.1426385062748699 0.2960667278849097 0.06810529537802264 0.09641873278236916
0 0.33850129198966405 0.2825150732127476 0.060292850990525386 0.10766580534022396
