0 0.5667990207672119 0.35306495428085327 0.05194978713989258 0.11088783740997314
0 0.7627912044525147 0.2132922649383545 0.03423500061035156 0.10499563217163085
0 0.1848830021878399 0.33672351528097083 0.09038611202643665 0.10168777130268238
0 0.3161038637161255 0.22049173712730408 0.05498871803283691 0.08668338060379029
0 0.3959400773048401 0.2730045557022095 0.0594613790512085 0.10104212760925294
0 0.9564491271972656 0.48746452331542967 0.08355369567871093 0.12427434921264649
0 0.45973429679870603 0.7916062831878662 0.0840561866760254 0.09194879531860352
0 0.465761137008667 0.28448948860168455 0.03750886917114258 0.1028672695159912
0 0.6088531494140625 0.3349031925201416 0.051233863830566405 0.09651699066162109
0 0.5064276218414306 0.2971357345581055 0.042281150817871094 0.08238739967346191
0 0.4927555561065674 0.3264075756072998 0.07018890380859374 0.09259262084960937
0 0.7640341997146607 0.42530962228775027 0.07332606315612793 0.08931872844696045
0 0.40541353894289206 0.2374893508890949 0.059669670478376756 0.09171150601099401
0 0.1161563515663147 0.3874246120452881 0.09285047054290771 0.11176748275756836
0 0.043978748464329816 0.46354723463545333 0.08871917974801717 0.11211140326829926
0 0.11307072639465332 0.22647659182548524 0.06729178428649903 0.08741127252578736
0 0.21850198412698416 0.3177083333333333 0.08267195767195763 0.10168650793650792
0 0.05357142857142863 0.1850198412698413 0.09011243386243385 0.0992063492063492
0 0.05872539205872547 0.4161661661661662 0.0925925925925926 0.11511511511511506
0 0.035368702035368765 0.3569402736069403 0.06923590256923588 0.11177844511177842
