0 0.7968754291534423 0.9345755577087402 0.08214235305786133 0.111297607421875
0 0.7171319007873536 0.2059473514556885 0.03858823776245117 0.0933727741241455
0 0.47033090591430665 0.3855942368507385 0.06031656265258789 0.12822062969207765
0 0.507118558883667 0.3681743383407593 0.05436000823974609 0.12026000022888184
0 0.8055438756942749 0.2673280954360962 0.05181660652160645 0.12804889678955078
0 0.2768563985824585 0.49028353691101073 0.06825971603393555 0.12010984420776367
0 0.33250477313995364 0.44480195045471194 0.0795814037322998 0.1124751091003418
0 0.04782485365867615 0.11193177700042725 0.06935036182403564 0.09402036666870117
0 0.510396146774292 0.2727220058441162 0.05085287094116211 0.10112700462341309
0 0.7787936210632325 0.2346583366394043 0.03710861206054687 0.10732226371765137
0 0.4103257775306702 0.3873135209083557 0.06647393703460694 0.10985972881317138
0 0.26227867603302 0.1769960053903601 0.05549640655517578 0.10669851303100586
0 0.12010395526885986 0.3610363483428955 0.08825581073760987 0.09837226867675782
0 0.16334642171859742 0.296651029586792 0.06087327003479004 0.09001579284667968
0 0.538333370383284 0.26630431589934594 0.04692897380252374 0.11114337091737254
0 0.11217939853668213 0.4798577785491943 0.09637191295623779 0.11438751220703125
0 0.7314245223999023 0.1977044463157654 0.033293533325195315 0.11686995029449462
0 0.3384698567180319 0.4141659908083266 0.07164098404974319 0.10948905109489046
0 0.21681535550148692 0.4097729115977291 0.06623411732900782 0.09935117599351179
0 0.2479048391457151 0.3884833738848337 0.07164098404974316 0.09867531765341984
0 0.28710462287104627 0.3408353609083536 0.0702892673695593 0.10475804271424709
0 0.26108407677750745 0.14111922141119224 0.045282508786158464 0.09326845093268452
0 0.06603067714178827 0.41432846988402544 0.07388701833146277 0.08604564160119713
0 0.08613916947250283 0.3923494201271979 0.08604564160119717 0.10194537972315751
