0 0.32136805057525636 0.6083484649658203 0.0875319480895996 0.09303483963012696
0 0.4322620749473572 0.5796375751495362 0.07017433643341064 0.12341423034667968
0 0.9406948089599609 0.20376434326171874 0.03523731231689453 0.08890247344970703
0 0.10613365173339843 0.1060213327407837 0.061184144020080565 0.08803534507751465
0 0.32707533836364744 0.36110615730285645 0.07005252838134765 0.0944000244140625
0 0.658228874206543 0.4931629657745361 0.05608091354370117 0.10345687866210937
0 0.9809670448303223 0.22406672835350036 0.03740081787109375 0.10543595552444458
0 0.498417329788208 0.5367855072021485 0.0753692626953125 0.10874948501586915
0 0.5679161071777343 0.4550177097320557 0.05775165557861328 0.11882944107055664
0 0.27198898792266846 0.4316146016120911 0.07267746925354004 0.09676034450531006
0 0.5108840465545654 0.47154717445373534 0.051438522338867185 0.10370836257934571
0 0.6900700286582664 0.48622655868530273 0.04287528991699219 0.09965381622314454
0 0.3734657526016235 0.22629778385162352 0.07619252204895019 0.11429166793823242
0 0.27952558994293214 0.17874410152435302 0.05282683372497558 0.0871169090270996
0 0.15922128081353945 0.3911680097772031 0.07540390253002559 0.10276806262996785
0 0.36167101860046386 0.4976668357849121 0.05508613586425781 0.1056544303894043
0 0.11341204941272735 0.409970760345459 0.06158451437950134 0.10294933319091797
0 0.4449905872344971 0.40613632202148436 0.04772520065307617 0.09278354644775391
0 0.42713069915771484 0.4477802157402039 0.07307720184326172 0.11355326175689698
0 0.9494457961611248 0.17660178426601789 0.029737766964044527 0.09394430927277642
0 0.23675317653419847 0.49020005406866723 0.06961340902946742 0.10205460935387944
0 0.23573938902406055 0.45471749121384153 0.0783995674506623 0.10273046769397128
