0 0.722500228881836 0.5592923164367676 0.056666088104248044 0.125604248046875
0 0.37937912940979 0.6642713069915771 0.0665781021118164 0.09938602447509766
0 0.7621150970458984 0.5324697017669677 0.052392578125 0.1032557487487793
0 0.37597415447235105 0.3865354061126709 0.06589016914367676 0.09378433227539062
0 0.48508415222167967 0.47498621940612795 0.06647453308105469 0.10727624893188477
0 0.5556674003601074 0.5740403175354004 0.06317319869995117 0.11472320556640625
0 0.6305747032165527 0.47989354133605955 0.07760152816772461 0.10277538299560547
0 0.17226643562316896 0.43680328130722046 0.07652783393859863 0.10648796558380128
0 0.48740506172180176 0.6229533195495606 0.06585102081298828 0.10926351547241211
0 0.5734707832336425 0.5107725143432618 0.05900850296020508 0.12800121307373047
0 0.512737226486206 0.4224544882774353 0.05280733108520508 0.10868618488311768
0 0.32193813323974607 0.460297155380249 0.07268576622009278 0.10060720443725586
0 0.2944152709672293 0.5229716971056111 0.08326193270578673 0.12154893888620635
0 0.2070317327976227 0.40609941482543943 0.0559463381767273 0.09137191772460937
0 0.03954478949308395 0.43514324426651 0.07417706549167633 0.09683415889739991
0 0.30076132727668714 0.23058163388310032 0.060322539709848556 0.1058766403589788
0 0.9915591716766358 0.2111325740814209 0.016881656646728516 0.07237215042114258
0 0.42528796195983887 0.5215383052825928 0.05976581573486328 0.08932657241821289
0 0.06231392025947571 0.09804657697677613 0.07619313001632691 0.08752310276031494
0 0.28060863411181886 0.4814225053078556 0.06251474404340648 0.09731068648266099
0 0.27883934890304324 0.16560509554140132 0.05425807973578672 0.08256664307619722
0 0.33232845248349124 0.2063594602354292 0.06890611541774329 0.1026414010910135
