0 0.5669975280761719 0.3921042323112488 0.05750293731689453 0.09715044498443604
0 0.8389817237854004 0.7218818664550781 0.06182727813720703 0.12694149017333983
0 0.39984545707702634 0.4984081745147705 0.07944917678833008 0.09681262969970703
0 0.3330594301223755 0.4401736259460449 0.06336760520935059 0.09206581115722656
0 0.7852158784866333 0.7441849708557129 0.054794836044311526 0.09684429168701172
0 0.7043509960174561 0.5703413963317872 0.06823444366455078 0.115753173828125
0 0.8318292617797851 0.9075897216796875 0.07415809631347656 0.10665245056152343
0 0.9788981914520264 0.4977762222290039 0.04220361709594726 0.12194585800170898
0 0.9264032363891601 0.7911270380020141 0.06659221649169922 0.11257872581481934
0 0.8927918434143066 0.8686134338378906 0.05966262817382813 0.10994606018066407
0 0.19146857857704164 0.4595353126525879 0.09824880361557006 0.1138850212097168
0 0.6318530559539794 0.6664906501770019 0.07300186157226562 0.10995264053344726
0 0.1707647204399109 0.3198066711425781 0.07216460704803467 0.11295275688171387
0 0.5191738128662109 0.5726245403289795 0.049294662475585935 0.10162544250488281
0 0.4857801914215088 0.599480152130127 0.06644105911254883 0.10206813812255859
0 0.8716293548320507 0.6122238690192039 0.060075526480918136 0.11809138168205124
0 0.5864063739776612 0.720564317703247 0.07315177917480468 0.14878253936767577
0 0.23227834701538086 0.45354548692703245 0.10740385055541993 0.11518933773040771
0 0.2773646593093872 0.1820601224899292 0.0622133731842041 0.0854560375213623
0 0.9867072105407715 0.7360986709594727 0.02572460174560547 0.05813894271850586
0 0.9288681983947754 0.9900464057922364 0.045755195617675784 0.019907188415527344
0 0.1640477350941888 0.39269963370429145 0.06629892420601677 0.07571184370252822
0 0.6046509512193927 0.6988615906632342 0.07598338284650018 0.1165410829377963
0 0.042571588479601484 0.11524955970985637 0.06901097719495126 0.11763625655684978
0 0.14964964964964972 0.34296796796796797 0.08008008008008011 0.10260260260260262
0 0.11584084084084091 0.37675175175175174 0.09384384384384385 0.10760760760760758
0 0.03413413413413419 0.3887262262262262 0.0695695695695696 0.08365865865865867
0 0.073948948948949 0.10272772772772776 0.07632632632632634 0.1026026026026026
