0 0.6542883396148682 0.36277869939804075 0.06722135543823242 0.09915773868560791
0 0.45728468894958496 0.537778902053833 0.08106346130371093 0.09862852096557617
0 0.9065691947937011 0.7512550592422486 0.0564239501953125 0.1052741527557373
0 0.8484151840209961 0.807981300354004 0.05645732879638672 0.10922012329101563
0 0.8993494033813476 0.9604434967041016 0.05349445343017578 0.0786865234375
0 0.4083540439605713 0.4672837257385254 0.05964527130126953 0.0974945068359375
0 0.542986249923706 0.6450262546539307 0.07010259628295898 0.12153186798095703
0 0.23460032445890416 0.49415917081517857 0.08231376203092126 0.10552550221348672
0 0.7654665946960449 0.5948256015777588 0.057068824768066406 0.08928451538085938
0 0.6843242645263672 0.7035098075866699 0.05431785583496094 0.11017694473266601
0 0.15308623313903807 0.38200968503952026 0.08613600730895996 0.0978156328201294
0 0.5865545749664307 0.6093896389007568 0.07494020462036133 0.1005462646484375
0 0.9118409156799316 0.46687707901000974 0.052283859252929686 0.13253202438354492
0 0.9482637405395508 0.6778388977050781 0.07202510833740235 0.12717657089233397
0 0.6516323723234572 0.808999951871427 0.06802950941167907 0.10397206822911786
0 0.27287707328796384 0.17840294241905214 0.054742050170898435 0.0862691044807434
0 0.22280600070953369 0.3417584657669067 0.08723936080932618 0.1284196376800537
0 0.9683474540710449 0.9345478057861328 0.059219741821289064 0.11906471252441406
0 0.24239675998687743 0.4132873058319092 0.055789756774902347 0.09011096954345703
0 0.03775265216827393 0.39756003170758036 0.07550530433654785 0.10722665786743164
0 0.9552334785461426 0.6538766384124756 0.04317684173583984 0.08244504928588867
0 0.18600691556930543 0.36728779077529905 0.058612608909606935 0.12454411983489991
0 0.979973030090332 0.8409854888916015 0.040053939819335936 0.0806661605834961
0 0.6589089089089089 0.7452452452452454 0.065065065065065 0.1113613613613614
0 0.27164664664664673 0.4837337337337338 0.08633633633633632 0.11636636636636637
0 0.03516016016016021 0.08020520520520523 0.05630630630630633 0.09759759759759759
0 0.01914414414414417 0.10101351351351352 0.03828828828828834 0.08350850850850854
