0 0.7760173559188843 0.39250431060791013 0.0704723834991455 0.12854909896850586
0 0.4059192180633545 0.4673626899719238 0.061359214782714847 0.10106458663940429
0 0.5719394683837891 0.5391928672790527 0.054560089111328126 0.1028055191040039
0 0.8817405700683594 0.6931622982025146 0.050341224670410155 0.10165395736694335
0 0.1343262940645218 0.44138904809951784 0.10037102103233338 0.11034801006317138
0 0.7978790521621704 0.31254286766052247 0.0423062801361084 0.08719673156738281
0 0.6940982818603516 0.6942681312561035 0.05694656372070313 0.12132892608642579
0 0.25432519912719725 0.4154218792915344 0.08877286911010743 0.11855075359344483
0 0.5504395484924316 0.6435441017150879 0.052815914154052734 0.10096092224121093
0 0.3351018190383911 0.5456162929534912 0.09733514785766602 0.11440582275390625
0 0.3027968168258667 0.3663579225540161 0.05488138198852539 0.11156725883483887
0 0.6602227210998535 0.7104586124420166 0.061462116241455075 0.10140485763549804
0 0.7751255512237549 0.9105426788330078 0.0769160270690918 0.10783729553222657
0 0.09979847669601441 0.4528783679008484 0.10431497097015381 0.10643513202667236
0 0.8108443498611451 0.794078016281128 0.058294057846069336 0.10379209518432617
0 0.7871915817260742 0.8298030614852905 0.07620811462402344 0.11869301795959472
0 0.971306848526001 0.9190213203430175 0.05738630294799805 0.08560009002685547
0 0.37104742527008056 0.541597557067871 0.09178614616394043 0.11440515518188477
0 0.25110462084188834 0.1697045311316833 0.07144427299499512 0.0945704698562622
0 0.2772026777267456 0.3944976806640625 0.06759080886840821 0.1164794921875
