0 0.5963319301605224 0.6340851306915283 0.07230548858642578 0.12213945388793945
0 0.3672973394393921 0.4899013519287109 0.059663248062133786 0.10706453323364258
0 0.5791399955749512 0.3209031343460083 0.06537761688232421 0.12835869789123536
0 0.44763927459716796 0.4386789798736572 0.07189788818359374 0.10889739990234375
0 0.40509132146835325 0.4594590187072754 0.06521875858306884 0.10769128799438477
0 0.8541491508483887 0.6960537433624268 0.061994743347167966 0.10085439682006836
0 0.48861041069030764 0.65768461227417 0.09256210327148437 0.11969366073608398
0 0.2859910726547241 0.5229865074157715 0.07620406150817871 0.11218957901000977
0 0.7277032375335694 0.8462873458862304 0.06560516357421875 0.09287300109863281
0 0.17829051613807678 0.17158949375152588 0.06934388875961303 0.1038538932800293
0 0.24648792743682862 0.529630708694458 0.0764920711517334 0.10438976287841797
0 0.8694275894203224 0.8853853853853855 0.07318951317497922 0.10635635635635639
0 0.5231397151947021 0.6452770233154297 0.0654484748840332 0.11479358673095703
0 0.025172320008277894 0.41524375677108766 0.0496137261390686 0.08611547946929932
0 0.8993471145629883 0.8381763458251953 0.06174812316894531 0.11553764343261719
0 0.988526026026026 0.3132882882882883 0.021096096096096063 0.038238238238238235
0 0.9899649649649651 0.9827827827827827 0.021271271271271215 0.035035035035034905
