0 0.056573590636253356 0.4120586395263672 0.10165942311286927 0.10338478088378907
0 0.5270130157470703 0.2861567497253418 0.054481220245361325 0.11842937469482422
0 0.7974107027053833 0.9166308403015136 0.07219023704528808 0.09997444152832032
0 0.9362245559692383 0.9445805549621582 0.07089691162109375 0.10461635589599609
0 0.6583722114562989 0.6826447963714599 0.05453214645385742 0.0965620994567871
0 0.4261761761761762 0.52002002002002 0.06756756756756761 0.11136136136136146
0 0.3319441080093384 0.5517825603485107 0.07296233177185059 0.10161113739013672
0 0.9594066619873047 0.7623546123504639 0.07025508880615235 0.11707181930541992
0 0.2887451171875 0.56557297706604 0.0766176700592041 0.10988788604736328
0 0.4849874496459961 0.46366291046142577 0.05530834197998047 0.114617919921875
0 0.5306699752807618 0.6973190784454346 0.07343406677246093 0.10610437393188477
0 0.5731618404388428 0.6897796630859375 0.06293096542358398 0.10201835632324219
0 0.13479988574981688 0.16554989218711852 0.07090392112731933 0.09711476564407348
0 0.9776915550231934 0.8723501205444336 0.04461688995361328 0.08776378631591797
0 0.4593343343343344 0.4956206206206207 0.07132132132132123 0.11261261261261266
