0 0.732375192642212 0.7569107055664063 0.07336235046386719 0.10571479797363281
0 0.8766668319702149 0.9664047241210938 0.0627431869506836 0.06599292755126954
0 0.5752037066955108 0.761302202480572 0.06281982580343394 0.12429249193575292
0 0.48070526123046875 0.25829439163208007 0.06413726806640625 0.115185546875
0 0.5293503284454346 0.4819033145904541 0.05228853225708008 0.10486345291137696
0 0.4626765727996826 0.5349149703979492 0.06220407485961914 0.09943532943725586
0 0.97317476272583 0.502507495880127 0.05365047454833984 0.11578168869018554
0 0.34284795183796546 0.6098161207663046 0.07156135358132648 0.11828089018125786
0 0.11009527444839477 0.4313385009765625 0.0947758436203003 0.10592288970947265
0 0.5051804542541504 0.5211480140686036 0.07156734466552735 0.11961708068847657
0 0.09617247581481933 0.1569058656692505 0.07911810874938965 0.09382715225219726
0 0.3748748748748749 0.591966966966967 0.07007007007007013 0.12012012012012008
0 0.6213713713713713 0.7433683683683684 0.06756756756756752 0.12262262262262269
