0 0.8877986907958985 0.44700309038162234 0.05050926208496094 0.10431172847747802
0 0.4205346584320068 0.2396843671798706 0.052186012268066406 0.11980304718017579
0 0.5796918392181396 0.5254264831542969 0.06728515625 0.10557165145874023
0 0.5019056320190429 0.573333740234375 0.07447633743286133 0.10656557083129883
0 0.39514655093173007 0.644240202225961 0.06056337213373037 0.10704897302049056
0 0.5359750747680664 0.5576817989349365 0.06362285614013671 0.11576118469238281
0 0.17808010578155517 0.4544804096221924 0.09167013168334961 0.11379690170288086
0 0.8093070030212403 0.8238306760787963 0.057994842529296875 0.10364556312561035
0 0.6386353969573975 0.7968718528747558 0.07193174362182617 0.10070514678955078
0 0.047483247518539426 0.14447717666625975 0.06968145370483399 0.09719574451446533
0 0.03931618332862854 0.2807308197021484 0.07863236665725708 0.08670053482055665
0 0.434934934934935 0.6213713713713714 0.07507507507507515 0.10885885885885879
0 0.6826826826826827 0.7884134134134135 0.07007007007007002 0.10510510510510514
