0 0.9683741569519043 0.6984606742858886 0.05659332275390625 0.12666826248168944
0 0.4803759574890137 0.524984884262085 0.06994800567626953 0.10557355880737304
0 0.6346355438232422 0.18376550674438477 0.041997241973876956 0.10741672515869141
0 0.8094632387161255 0.705919599533081 0.05077681541442871 0.10298519134521485
0 0.286313533782959 0.47400436401367185 0.0870140552520752 0.12556076049804688
0 0.32800998687744143 0.45116748809814455 0.08307251930236817 0.12715892791748046
0 0.8815073998678558 0.7130060054637768 0.056222724914550784 0.1627208709716797
0 0.8282197952270508 0.19932737946510315 0.04849853515625 0.11482990980148315
0 0.9728721618652344 0.1887830376625061 0.05222454071044922 0.09851090908050537
0 0.5364306449890137 0.8100682973861695 0.08488321304321289 0.11357083320617675
0 0.06835895776748657 0.18480455875396729 0.0678056001663208 0.10225272178649902
0 0.17574604153633117 0.31120030879974364 0.0755550742149353 0.09146652221679688
0 0.9485420227050781 0.18289339542388916 0.03709545135498047 0.09319334030151367
0 0.8697768281101613 0.06255935422602088 0.0439221272554604 0.11039886039886039
0 0.8359449192782525 0.09935897435897434 0.04273504273504277 0.10090218423551756
0 0.08155270655270652 0.46498100664767333 0.09140550807217475 0.11752136752136756
0 0.02279202279202279 0.4293684710351377 0.04036087369420703 0.12226970560303893
0 0.22400284900284895 0.37120132953466284 0.06766381766381768 0.11277302943969614
0 0.8911443494776826 0.6454178537511871 0.046296296296296294 0.11514719848053181
