0 0.7344855785369873 0.1559876799583435 0.04362831115722656 0.09417331218719482
0 0.6891969680786133 0.21898739337921141 0.05332040786743164 0.11103029251098633
0 0.38262935876846316 0.4449973702430725 0.056153178215026855 0.11294667720794678
0 0.8517033576965332 0.6062685489654541 0.05376873016357422 0.1110306739807129
0 0.6840419292449951 0.6574193000793457 0.05205469131469727 0.11182985305786133
0 0.3691634774208069 0.7304633140563965 0.10005919933319092 0.0931319236755371
0 0.7658763408660889 0.6446898859337411 0.05699911117553711 0.1604405403137207
0 0.23030884861946105 0.3867126822471619 0.08360060453414916 0.12331030368804932
0 0.18547242283821105 0.42380638122558595 0.08926290273666382 0.10789661407470703
0 0.8404839515686036 0.22032454013824462 0.052082061767578125 0.11752424240112305
0 0.9808407783508301 0.23091543316841126 0.038318443298339847 0.09453715085983276
0 0.941682151149594 0.22757257312564538 0.04407787322998047 0.11286964416503904
0 0.8761642456054688 0.8202427625656128 0.07530231475830078 0.18328309059143066
0 0.08424372524023056 0.36087427139282224 0.0987296849489212 0.1081634521484375
0 0.9203813552856446 0.026118761301040648 0.029271888732910156 0.052237522602081296
0 0.017566390335559845 0.41991639137268066 0.03285631835460663 0.07167034149169922
0 0.8204675213450606 0.19849819179274078 0.03691024780273437 0.11273145675659177
0 0.8840172767639161 0.041991019248962404 0.028479957580566408 0.05629040002822876
0 0.264363722697056 0.1872032288698955 0.08665716999050338 0.1365147198480532
0 0.10113960113960108 0.2613960113960114 0.08547008547008543 0.07834757834757834
0 0.10826210826210825 0.31896961063627727 0.0902184235517568 0.09377967711301044
0 0.7700617283950616 0.5777540360873693 0.060541310541310414 0.12464387464387466
0 0.9617758784425451 0.18364197530864196 0.042735042735042555 0.09852801519468186
0 0.9344729344729343 0.1783000949667616 0.03561253561253571 0.10208926875593541
