0 0.6886137008666993 0.2945143699645996 0.04113950729370117 0.10700139999389649
0 0.08928108215332031 0.31027655601501464 0.08650479316711426 0.1034538745880127
0 0.7858120203018188 0.662486982345581 0.08017992973327637 0.12477807998657227
0 0.5824571736291375 0.2732369391893276 0.05745553970336914 0.12108473777770996
0 0.39660539310089427 0.21970597409341636 0.06652069091796875 0.1338781356811523
0 0.8257405042648316 0.6176987171173096 0.05980286598205566 0.12397851943969726
0 0.8147210121154785 0.8787727355957031 0.07197208404541015 0.11098079681396485
0 0.5017822742462158 0.48047499656677245 0.07255411148071289 0.1253671646118164
0 0.5391826629638672 0.4549247741699219 0.052308082580566406 0.11925754547119141
0 0.611876106262207 0.9333965301513671 0.07919836044311523 0.12448959350585938
0 0.6260870885984849 0.22186553009554869 0.05742864608764649 0.10543794631958005
0 0.2812706792682891 0.22814354773147372 0.06946244013388712 0.12111081526829648
0 0.4478897571563721 0.5080976486206055 0.0726820945739746 0.12828502655029297
0 0.732848834991455 0.16987739205360414 0.05871171951293945 0.07433818578720093
0 0.46506677307860694 0.5800157116349267 0.09080524444580078 0.1315032958984375
0 0.6505704402923584 0.9002325057983398 0.082403564453125 0.12534809112548828
0 0.6615214347839355 0.09000291228294373 0.024620532989501953 0.08978501558303834
0 0.6546909809112549 0.830467700958252 0.06900415420532227 0.11186847686767579
0 0.8173585653305053 0.785972785949707 0.06846051216125489 0.10494956970214844
0 0.9042022792022791 0.04475308641975307 0.053418803418803354 0.08665716999050332
0 0.47566476733143404 0.4281813865147199 0.04629629629629635 0.11752136752136756
0 0.46498100664767333 0.6555080721747389 0.06766381766381774 0.12583095916429252
0 0.39375593542260207 0.2780151946818613 0.05579297245963904 0.10208926875593544
0 0.5872507122507121 0.2382478632478632 0.041547958214624925 0.10802469135802466
0 0.6151471984805317 0.18839031339031337 0.06172839506172847 0.10090218423551754
