0 0.581964111328125 0.2857912827760745 0.06806221008300781 0.12946481704711915
0 0.3686292838506889 0.29332536389911507 0.07420425415039063 0.12899680137634278
0 0.6747937679290772 0.2951635837554932 0.05903635025024414 0.1033411979675293
0 0.5325130939483642 0.444424569606781 0.05402936935424805 0.1083665132522583
0 0.4948714256286621 0.47666292190551757 0.07298822402954101 0.11831808090209961
0 0.433589506149292 0.4975992202758789 0.05730905532836914 0.11588973999023437
0 0.7786807060241699 0.6520977973937988 0.0796976089477539 0.14053020477294922
0 0.5919949531555175 0.9224533081054688 0.07787599563598632 0.12467727661132813
0 0.7993228912353516 0.8780252456665039 0.07898311614990235 0.12131023406982422
0 0.07981865406036377 0.30981290340423584 0.09566366672515869 0.10010461807250977
0 0.8138260841369629 0.6066213130950928 0.05884990692138672 0.1213303565979004
0 0.26407522955964197 0.22863584950438934 0.07536331106115275 0.12724871884497244
0 0.6408758163452148 0.8896314620971679 0.08572330474853515 0.14309539794921874
0 0.6101435629617341 0.21815148402369824 0.052669525146484375 0.09360362291336059
0 0.4446735969862255 0.6602052642409278 0.0861515998840332 0.1488271713256836
0 0.6721174354453597 0.09912519187216291 0.033218726541242125 0.11561476345415464
0 0.47141170501708984 0.41338720321655276 0.048577308654785156 0.07576894760131836
0 0.6391298294067382 0.820253562927246 0.07212638854980469 0.11833362579345703
0 0.7522342205047607 0.171043062210083 0.053980350494384766 0.0714345932006836
0 0.7967214345932007 0.781170916557312 0.07128262519836426 0.10620255470275879
0 0.9295951843261718 0.019750236719846725 0.04038944244384766 0.03717498928308487
0 0.3884140550807217 0.24833808167141497 0.07597340930674269 0.10683760683760683
0 0.5747863247863247 0.23587369420702753 0.049857549857549824 0.09852801519468184
0 0.6068376068376067 0.1919515669515669 0.05935422602089257 0.08665716999050332
0 0.4620132953466286 0.5985280151946819 0.07834757834757843 0.11396011396011398
