0 0.4061403274536133 0.4675706386566162 0.07668056488037109 0.10828475952148438
0 0.7148843765258789 0.6219457626342774 0.06652984619140626 0.11623172760009766
0 0.512006139755249 0.25869238972663877 0.05652894973754883 0.12402814626693726
0 0.29592167056410623 0.29614130189502563 0.07626762390136718 0.1250093936920166
0 0.5928419589996338 0.29959731101989745 0.05556430816650391 0.10695605278015137
0 0.747481393814087 0.5712341785430908 0.05473670959472656 0.10943918228149414
0 0.4987775802612305 0.43133835792541503 0.06686410903930665 0.12911977767944335
0 0.7238452036949079 0.7420478866310881 0.09031515121459961 0.19604620933532715
0 0.033328545093536374 0.2962635040283203 0.06629903316497802 0.11928300857543946
0 0.4976492404937744 0.8886327743530273 0.08367443084716797 0.12403507232666015
0 0.7127565860748291 0.12404442131519318 0.03498830795288086 0.10411705374717713
0 0.47152946794587774 0.46651324922429416 0.08116655349731446 0.15352478027343724
0 0.5602949142456055 0.780564910416816 0.09173974990844727 0.1613781452178955
0 0.4066360935299938 0.5640413267093959 0.08183121681213379 0.14881448745727538
0 0.82857825756073 0.17623828649520873 0.05862603187561035 0.08120410442352295
0 0.5409544159544158 0.2210351377018043 0.06291547958214631 0.09734093067426391
0 0.19610636277302937 0.23468660968660968 0.08072174738841406 0.12939221272554607
0 0.313034188034188 0.2572412155745489 0.06528964862298199 0.11277302943969611
0 0.5183998100664766 0.2465574548907882 0.039173789173789025 0.08903133903133902
0 0.5397673314339979 0.1783000949667616 0.048670465337131985 0.08547008547008546
0 0.4442070275403608 0.39672364672364674 0.04748338081671414 0.1020892687559354
0 0.7397910731244064 0.8555318138651472 0.09971509971509965 0.1198955365622032
0 0.5486704653371319 0.8460351377018044 0.08309591642924964 0.1198955365622032
0 0.9833926875593542 0.7056149097815764 0.03136277302943974 0.12395536562203233
0 0.9587962962962963 0.9822056030389363 0.08055555555555556 0.03373694207027542
0 0.37594966761633425 0.6145536562203229 0.06766381766381757 0.11277302943969614
0 0.9540598290598289 0.028727445394112046 0.05104463437796767 0.05460588793922126
