0 0.41059954242262514 0.22333213655810505 0.0742791891098023 0.09602694511413548
0 0.14077187776565553 0.2821468114852905 0.08312387466430664 0.1176537036895752
0 0.6129217624664307 0.5610146522521973 0.07251491546630859 0.1330951690673828
0 0.7708125751129469 0.8925292203908635 0.0855250358581543 0.11522645950317426
0 0.4183299899101257 0.7431819200515747 0.08593971729278564 0.1358642101287842
0 0.5772695541381836 0.7655600547790528 0.08760738372802734 0.13253841400146485
0 0.35209529399871825 0.7932970523834229 0.09910988807678223 0.10775041580200195
0 0.17282491326332092 0.25730555057525634 0.07553294897079468 0.09116387367248535
0 0.3524868726730347 0.4213713526725769 0.07135357856750488 0.12041027545928955
0 0.8790670394897461 0.6350740432739258 0.06049690246582031 0.10535287857055664
0 0.44698214530944824 0.3693056464195251 0.05963115692138672 0.1147207498550415
0 0.3440031191901944 0.28132367720517903 0.05320933616851904 0.11345457188424225
0 0.6343193054199219 0.5352033138275146 0.07420845031738281 0.12530412673950195
0 0.2831692091306957 0.5720384456493236 0.08689422607421875 0.1578059196472168
0 0.9285623550415039 0.5601661682128907 0.04974842071533203 0.10423831939697266
0 0.9437683390755939 0.8376546703965349 0.06718559265136718 0.16687412261962892
0 0.43954715728759763 0.7021348476409912 0.0696486473083496 0.10647039413452149
0 0.4230348229408264 0.2851728439331055 0.061271834373474124 0.0861328125
0 0.5752148151397705 0.6919791221618652 0.07248315811157227 0.10465030670166016
0 0.8999287636531383 0.613960113960114 0.05674261752470068 0.13057929724596398
0 0.06493352326685656 0.21628679962013292 0.0819088319088319 0.12345679012345677
0 0.3688271604938271 0.26792497625830947 0.05341880341880341 0.11514719848053172
0 0.4293684710351376 0.17651946818613484 0.05816714150047488 0.08428300094966769
0 0.8383190883190882 0.0963912630579297 0.045109211775878455 0.12108262108262106
0 0.9493114909781576 0.17651946818613481 0.060541310541310414 0.07478632478632478
0 0.30116334283000945 0.5 0.09140550807217475 0.13532763532763536
0 0.7469135802469135 0.9671177587844254 0.08547008547008554 0.05579297245963904
0 0.9392212725546057 0.9801756885090217 0.07597340930674258 0.034425451092117865
0 0.9798314339981007 0.6944207027540361 0.03848528015194701 0.07782526115859444
0 0.9715218423551758 0.7718542260208927 0.04798195631528975 0.09973884140550808
0 0.37238841405508066 0.3480531813865147 0.06766381766381768 0.09496676163342828
0 0.5985280151946816 0.04040835707502371 0.049857549857549824 0.0819088319088319
