0 0.5328607082366943 0.05740405172109604 0.043704795837402347 0.09823794662952423
0 0.03361037603074448 0.20905001308390447 0.06798048615455628 0.13132252693176272
0 0.1675036238808917 0.504277515547228 0.09760441780090331 0.1316152572631836
0 0.4236608505249023 0.7038667678833008 0.07529172897338868 0.12843770980834962
0 0.31408331394195554 0.36287722587585447 0.06146097183227539 0.11958303451538085
0 0.9712995052337646 0.9205852508544922 0.057400989532470706 0.10506591796875
0 0.27624697836942025 0.6885453273088503 0.1080449104309082 0.14851980209350585
0 0.7555039405822754 0.5664657115936279 0.06992359161376953 0.10558967590332032
0 0.7015773296356201 0.958405876159668 0.08337860107421875 0.08275566101074219
0 0.4496163368225098 0.6324046134948731 0.07787580490112304 0.11534719467163086
0 0.38051180839538573 0.3269622564315796 0.07972688674926758 0.12282648086547851
0 0.5015181541442871 0.5103866577148437 0.08165550231933594 0.11828231811523438
0 0.24950896267198092 0.324758930355735 0.08887553215026855 0.14289193153381347
0 0.8015328407287597 0.5055848121643066 0.045711708068847653 0.10250043869018555
0 0.7970005512237549 0.7170254230499268 0.0640028953552246 0.11522254943847657
0 0.21841701865196228 0.7150510787963867 0.08478318452835083 0.11705083847045898
0 0.8354622506687784 0.7079140680354772 0.061134719848632814 0.13889265060424805
0 0.5204702377319336 0.4821492671966553 0.0585179328918457 0.12179861068725586
0 0.5584406375885009 0.8903919219970703 0.07572336196899414 0.13813552856445313
0 0.7432942390441895 0.9320539474487305 0.07448616027832031 0.10791797637939453
0 0.7712790966033936 0.5188356399536133 0.03763933181762695 0.060273361206054685
0 0.34375739097595215 0.33839120864868166 0.05956277847290039 0.13416595458984376
0 0.9292864799499512 0.02359379529953003 0.030349349975585936 0.0457729697227478
0 0.2813588905198622 0.2324324179239083 0.07380566596984864 0.10037851333618164
0 0.5689652442932129 0.8382122039794921 0.07697391510009766 0.09412784576416015
0 0.304724596391263 0.6335470085470086 0.09615384615384612 0.1341405508072174
0 0.20026115859449192 0.4602326685660018 0.0819088319088319 0.1270180436847104
0 0.031576448243114924 0.29277065527065527 0.06315289648622985 0.07257834757834755
0 0.2133190883190883 0.29047958214624875 0.06054131054131052 0.1198955365622032
0 0.23943494776828106 0.25427350427350426 0.04154795821462482 0.10446343779677113
0 0.2774216524216523 0.20619658119658119 0.053418803418803354 0.105650522317189
0 0.31540835707502374 0.29641500474833804 0.039173789173789136 0.09140550807217475
0 0.863841405508072 0.65491452991453 0.05104463437796767 0.12226970560303899
0 0.9905151946818612 0.2133190883190883 0.017117758784425625 0.12701804368471034
