0 0.8789682388305664 0.24787592887878418 0.038123703002929686 0.1059412956237793
0 0.3824006199836731 0.4779498100280762 0.0793339490890503 0.11525697708129883
0 0.5327429294586181 0.8900357246398926 0.09301538467407226 0.1461017608642578
0 0.2758056640625 0.6651219844818115 0.09222192764282226 0.10649757385253907
0 0.8139855146408081 0.83588707447052 0.05849366188049317 0.1262519359588623
0 0.4722308158874512 0.10286647081375122 0.04874887466430664 0.09601771831512451
0 0.3086870351974328 0.31996094077853854 0.07328815460205078 0.13189983367919922
0 0.4277213096618652 0.44245883226394656 0.07181377410888672 0.12080533504486084
0 0.08968167304992676 0.6486602783203125 0.12293732166290283 0.10404729843139648
0 0.3226298809051514 0.5896072864532471 0.08988256454467773 0.11147308349609375
0 0.15293489053831255 0.6212919108435186 0.11514289379119873 0.13383760452270507
0 0.11249352693557739 0.27735249527499206 0.07253828048706054 0.09884567260742187
0 0.2507785558021306 0.35816724789448273 0.07124290466308594 0.10061755180358886
0 0.663488245010376 0.6502412796020508 0.07255125045776367 0.10926618576049804
0 0.05651015911573249 0.33344403277774814 0.09129338264465332 0.13057422637939453
0 0.06016405671834946 0.45083845853805543 0.08774435818195343 0.10845787525177002
0 0.6355873107910156 0.5191105365753174 0.059000492095947266 0.09802751541137696
0 0.7251797676086426 0.5919631958007813 0.07352828979492188 0.105926513671875
0 0.6896328449249267 0.4458279013633728 0.04707889556884766 0.09200565814971924
0 0.3932628512382507 0.8030060768127442 0.06716511249542237 0.10238418579101563
0 0.42455512285232544 0.752281379699707 0.080353045463562 0.08491315841674804
0 0.7030449867248535 0.6291061878204346 0.07667980194091797 0.12722311019897461
0 0.6907658576965332 0.6157047271728515 0.04469003677368164 0.07474422454833984
0 0.24726346211555672 0.2781601449363252 0.07812264841845923 0.10654770632867906
0 0.5719716548919678 0.8620924949645996 0.07812690734863281 0.12277584075927735
0 0.09833104014396668 0.4050284385681152 0.071408212184906 0.10552740097045898
0 0.14380676188247046 0.23141255657783824 0.061144471168518066 0.09313482046127317
0 0.07324311490978157 0.2827635327635327 0.07953466286799621 0.0949667616334283
0 0.1628679962013295 0.20975783475783472 0.07359924026590689 0.10565052231718897
0 0.3195631528964862 0.2780151946818613 0.05935422602089267 0.10921177587844252
0 0.17770655270655264 0.5646961063627731 0.07003798670465336 0.10802469135802466
0 0.6566951566951567 0.4839743589743589 0.05698005698005709 0.09377967711301054
