0 0.8088030099868775 0.2560666799545288 0.058078336715698245 0.09834117889404297
0 0.427429723739624 0.11890597343444824 0.06719455718994141 0.09184999465942383
0 0.19902653694152833 0.6298187255859375 0.12173027992248535 0.11215839385986329
0 0.2694887161254883 0.5586729526519776 0.1079291820526123 0.10938386917114258
0 0.29970717430114746 0.2687187671661377 0.07645115852355958 0.11816506385803223
0 0.3406820774078369 0.45128788948059084 0.08498644828796387 0.1250603675842285
0 0.22899012565612792 0.3052929639816284 0.06965160369873047 0.12116794586181641
0 0.45061697959899905 0.8382766485214234 0.09779062271118164 0.13089051246643066
0 0.04029322266578674 0.6377389430999756 0.08058644533157348 0.09237756729125976
0 0.7314351081848145 0.7913397789001465 0.05834283828735352 0.10540199279785156
0 0.37075430154800415 0.4257503628730774 0.0782541036605835 0.11997106075286865
0 0.08148190677165985 0.5933358192443847 0.11387882828712463 0.1200718879699707
0 0.6339043617248535 0.427209746837616 0.04630298614501953 0.09759342670440674
0 0.9838387966156006 0.2062030553817749 0.03232240676879883 0.11444654464721679
0 0.050233663502525186 0.23707321286201477 0.08552828133106231 0.11547082662582382
0 0.6210238456726074 0.5915943145751953 0.05181665420532226 0.09717731475830078
0 0.6510456085205079 0.5589577198028565 0.04924774169921875 0.11196708679199219
0 0.2782733917236328 0.2833028554916382 0.060162019729614255 0.1214249610900879
0 0.0232064342934635 0.4235991357058881 0.04190621973216129 0.12022771110788263
0 0.5889402866363526 0.6225359916687012 0.0678166389465332 0.10623598098754883
0 0.03295137882232666 0.28278751373291017 0.06590275764465332 0.09990968704223632
0 0.10559332668781281 0.5370733261108398 0.08543743491172791 0.08653860092163086
0 0.3474728584289551 0.7051966667175293 0.08129844665527344 0.08521976470947265
0 0.31856398582458495 0.7502247333526612 0.06261329650878907 0.0740518569946289
0 0.9693084716796875 0.1980430006980896 0.055281639099121094 0.13317577838897704
0 0.4828780651092529 0.8053092956542969 0.06695280075073243 0.09960479736328125
0 0.09603524598216064 0.17869141405237823 0.08709444701671601 0.09891424179077159
0 0.5747863247863247 0.4905033238366571 0.0546058879392212 0.10446343779677118
0 0.6086182336182334 0.47210351377018045 0.03917378917378924 0.10327635327635329
0 0.2038224121557455 0.25783475783475784 0.06766381766381768 0.11158594491927824
0 0.09520417853751181 0.2275641025641025 0.11633428300094967 0.10565052231718897
0 0.06255935422602084 0.3901946818613485 0.08665716999050332 0.10802469135802471
