0 0.6659103870391846 0.27039740085601804 0.06077909469604492 0.09903120994567871
0 0.8797636032104492 0.2371007025241852 0.05846614837646484 0.10175007581710815
0 0.5905742168426513 0.70833740234375 0.06270179748535157 0.12381792068481445
0 0.30870590209960935 0.742915678024292 0.09772920608520508 0.12970514297485353
0 0.2325692892074585 0.4166175365447998 0.08637995719909668 0.12186861038208008
0 0.154692542552948 0.29064507484436036 0.06909334659576416 0.10329055786132812
0 0.3183103084564209 0.12577903568744658 0.0630333423614502 0.08581785559654236
0 0.1445950150489807 0.5134633541107178 0.10693459510803223 0.11330652236938477
0 0.06269588489421528 0.5823910871688683 0.10667415261268616 0.11098785400390625
0 0.2682873964309692 0.3978602647781372 0.0846022129058838 0.12616877555847167
0 0.1469258061161747 0.22082086319823777 0.03934069105476181 0.12151117008975423
0 0.5028636455535889 0.5359517574310303 0.07314872741699219 0.11312618255615234
0 0.4646674633026123 0.5703819274902344 0.06566190719604492 0.10947513580322266
0 0.5097963809967041 0.39213411808013915 0.05654001235961914 0.08074069023132324
0 0.47863497734069826 0.43441038131713866 0.05934553146362305 0.0821721076965332
0 0.358213996887207 0.7329151153564453 0.07100186347961426 0.0976715087890625
0 0.516920804977417 0.49791851043701174 0.0690842628479004 0.13749494552612304
0 0.8466286799620132 0.18957739791073122 0.03798670465337119 0.11752136752136753
0 0.18660968660968658 0.264363722697056 0.06885090218423552 0.10327635327635329
0 0.2287511870845204 0.2334995251661918 0.08903133903133906 0.10802469135802471
0 0.18423551756885087 0.6798433048433049 0.07359924026590689 0.10327635327635329
0 0.22637701804368468 0.6466049382716049 0.09615384615384623 0.1175213675213675
0 0.026234567901234577 0.5182336182336181 0.052469135802469154 0.08461538461538459
