0 0.8232141733169556 0.212005877494812 0.051618337631225586 0.10856680870056153
0 0.4286611557006836 0.26867284774780276 0.055576515197753903 0.10209245681762695
0 0.36284265518188474 0.6234390258789062 0.06827397346496582 0.11001338958740234
0 0.10464617742715517 0.6458608850567883 0.11843629479408264 0.13276891708374022
0 0.07551640272140503 0.3812108516693115 0.09569811820983887 0.1066807746887207
0 0.36730524301528933 0.33651678562164306 0.06740186214447022 0.10175342559814453
0 0.10324805974960327 0.34139389991760255 0.08406233787536621 0.10767173767089844
0 0.3473568996246497 0.4543481192810694 0.0897324562072754 0.14759006500244093
0 0.6744712321054109 0.25122841520753225 0.04874725341796875 0.11508560180664062
0 0.32552008628845214 0.46727685928344725 0.08358087539672851 0.10529232025146484
0 0.02834987754580638 0.2517328630032589 0.057735192676668295 0.12312384566463752
0 0.668337631225586 0.2021815836429596 0.0436767578125 0.08450344800949097
0 0.02638302292579261 0.5305540975116031 0.05381674766540527 0.0987706184387207
0 0.14565527065527062 0.6086182336182336 0.0985280151946819 0.1365147198480531
0 0.2821699905033238 0.5011870845204178 0.07953466286799621 0.11633428300094971
0 0.3237179487179487 0.38900759734093066 0.07478632478632474 0.10802469135802466
0 0.35042735042735035 0.36526590693257355 0.06410256410256415 0.10802469135802466
0 0.09164292497625828 0.2507122507122507 0.08072174738841395 0.11633428300094964
0 0.10707502374169041 0.2091642924976258 0.08309591642924974 0.10683760683760682
0 0.050094966761633386 0.21272554605887936 0.06647673314339979 0.10208926875593544
