0 0.8914649009704589 0.8426466226577759 0.08127059936523437 0.1162787914276123
0 0.6840860366821289 0.22434465885162352 0.0455012321472168 0.10257554054260254
0 0.9755823612213135 0.855099105834961 0.04883527755737305 0.09410972595214843
0 0.5444766521453858 0.25803184509277344 0.050694847106933595 0.10115094184875488
0 0.23374426364898682 0.5789183616638184 0.09782595634460449 0.10054750442504883
0 0.2808090686798096 0.25216355323791506 0.05774545669555664 0.09528436660766601
0 0.844330883026123 0.9056504249572754 0.06754703521728515 0.0972055435180664
0 0.17866916656494142 0.4504953384399414 0.09586706161499023 0.10859088897705078
0 0.29192698167147013 0.2975709119979699 0.07983088493347168 0.10917329788208008
0 0.5474333763122559 0.20705931186676024 0.05080413818359375 0.10461339950561524
0 0.035186474500728156 0.263588520898665 0.07084547579288483 0.13465433120727535
0 0.2563790421596846 0.3480450033462285 0.08201390504837036 0.1474592924118042
0 0.0269256278490409 0.58268496204532 0.05513330698013306 0.1364198684692383
0 0.20451581478118896 0.4309994220733643 0.08691534996032715 0.1205484390258789
0 0.027437911927700044 0.32638471126556395 0.054075053334236144 0.11145873069763183
0 0.04700854700854699 0.5435778727445394 0.09401709401709397 0.10752611585944916
0 0.02635327635327632 0.1711775878442545 0.037986704653371346 0.06647673314339982
0 0.03525641025641022 0.22815764482431147 0.053418803418803354 0.09734093067426401
0 0.25486704653371317 0.3278727445394112 0.06291547958214631 0.0997150997150997
0 0.24418328584995247 0.39672364672364674 0.07716049382716042 0.0997150997150997
