0 0.4658924102783203 0.2332575261592865 0.06982269287109374 0.09970828294754028
0 0.529364538192749 0.6336688995361328 0.07997570037841797 0.10855798721313477
0 0.2921430587768555 0.2561835765838623 0.07567925453186035 0.11128244400024415
0 0.5438211950934285 0.773220618747012 0.12357625961303711 0.18157262802124025
0 0.859068489074707 0.17838985323905945 0.03631935119628906 0.09251700639724732
0 0.8313263893127442 0.21498365998268126 0.033493995666503906 0.0932690978050232
0 0.817110538482666 0.921820068359375 0.09703121185302735 0.1476797103881836
0 0.29517078399658203 0.218526291847229 0.06242504119873047 0.09794120788574219
0 0.8606145858764649 0.8020318031311036 0.07342357635498047 0.12745246887207032
0 0.8450981140136719 0.848296856880188 0.05878715515136719 0.1354245662689209
0 0.8559898376464844 0.24059188961982728 0.045696258544921875 0.09142011404037476
0 0.7767324686050415 0.9347809791564942 0.05359683036804199 0.10449180603027344
0 0.4857312202453613 0.6814107418060302 0.08615598678588868 0.09829521179199219
0 0.02029914529914531 0.21212013295346627 0.04059829059829062 0.08905508072174734
0 0.09045584045584044 0.22281576448243115 0.05223171889838551 0.10090218423551763
0 0.08273979107312436 0.2702991452991453 0.07241215574548905 0.105650522317189
0 0.04831433998100662 0.27564102564102555 0.06766381766381763 0.11396011396011392
0 0.03050807217473882 0.32312440645773977 0.05341880341880341 0.07834757834757837
0 0.022673314339980995 0.36760446343779674 0.04534662867996199 0.06298670465337129
