0 0.122405743598938 0.493895435333252 0.08355281352996827 0.12082195281982422
0 0.36663141250610354 0.24486712813377381 0.06487045288085938 0.1005367398262024
0 0.9305888175964355 0.8859485626220703 0.06669902801513672 0.12302722930908203
0 0.778476662581463 0.2749423234437832 0.0555631160736084 0.0930330753326416
0 0.7265796756472683 0.8603559462999234 0.08283758163452148 0.1378469944000244
0 0.3987267064912366 0.6922166000177832 0.09466705322265626 0.17516250610351564
0 0.768646240234375 0.17945257425308228 0.03858766555786133 0.08408019542694092
0 0.4204908847808838 0.5779793739318848 0.0741917610168457 0.14367141723632812
0 0.7470333575523137 0.8038132096967127 0.07070927619934082 0.16196155548095703
0 0.2007205088706891 0.27952563769457345 0.07725591659545898 0.12399439811706543
0 0.6728318928992986 0.8963991340861814 0.08822107315063477 0.09874401092529297
0 0.9822902250154066 0.1472222787815394 0.028297042846679686 0.11496100425720202
0 0.3901946818613485 0.6062440645773979 0.08665716999050327 0.1388888888888889
0 0.7801519468186133 0.23231244064577394 0.028490028490028442 0.09377967711301044
0 0.9804249762583094 0.20550807217473882 0.03729819563152916 0.08528015194681865
0 0.775403608736942 0.7332621082621082 0.06410256410256415 0.11277302943969614
0 0.21213200379867045 0.22578347578347574 0.07953466286799621 0.11396011396011398
0 0.056030389363722684 0.23468660968660965 0.06885090218423552 0.11277302943969608
0 0.03822412155745485 0.2613960113960114 0.06885090218423547 0.10921177587844255
0 0.019112060778727413 0.2763888888888889 0.038224121557454825 0.0768518518518518
