0 0.45831637382507323 0.41379685401916505 0.055825424194335935 0.10958366394042969
0 0.5663980484008789 0.19583534598350524 0.059879493713378903 0.09871340990066528
0 0.23961448669433594 0.46204938888549807 0.096858549118042 0.11490306854248047
0 0.18056724071502686 0.2509307384490967 0.07633233070373535 0.09518899917602539
0 0.5370091325989927 0.6808145190236236 0.08819818496704102 0.14743127822875976
0 0.8322020530700683 0.23065117838715554 0.05954818725585938 0.10825395584106445
0 0.14141461849212647 0.5421435356140136 0.08700366020202636 0.1102102279663086
0 0.18351089358329772 0.5007848739624023 0.08530904054641723 0.10690174102783204
0 0.7646880719283593 0.9710248346681948 0.07128862347471496 0.05885878614550624
0 0.5077433094113414 0.7069599313500488 0.0723576356882381 0.11952290163646964
0 0.646628657999428 0.27059562371553747 0.059350204467773435 0.10389413833618164
0 0.4704177101566354 0.7679788283812694 0.07103542489090757 0.08723970804459014
0 0.04184093011184071 0.2534611086956343 0.08387179374694824 0.12763792276382446
0 0.6875029563903808 0.7637719631195068 0.062023162841796875 0.11517095565795898
0 0.8283663749694824 0.1894603490829468 0.04478721618652344 0.0947303295135498
0 0.8038936372269705 0.9326923076923076 0.049857549857549824 0.09377967711301033
0 0.581315289648623 0.6353276353276354 0.07241215574548905 0.1092117758784425
0 0.6234567901234567 0.24537037037037032 0.04748338081671414 0.11277302943969611
0 0.05128205128205123 0.21035137701804366 0.09259259259259255 0.11158594491927824
