0 0.4292820930480957 0.2065636157989502 0.05528745651245117 0.10078392028808594
0 0.6656648635864257 0.3652681350708008 0.05504598617553711 0.1092146873474121
0 0.39168968200683596 0.6339414596557618 0.08730611801147461 0.1088022232055664
0 0.6098701477050781 0.8970467567443847 0.07568197250366211 0.1101156234741211
0 0.6571023464202881 0.8451594591140748 0.08119640350341797 0.12332739830017089
0 0.7045667695863295 0.22382662296295167 0.05912790298461914 0.10363330841064453
0 0.5618198394775391 0.6782289981842041 0.07583494186401367 0.1010655403137207
0 0.42269537121708467 0.6052470923149349 0.0572683268915667 0.1392691134047984
0 0.10623244047164918 0.4078501105308533 0.1088376760482788 0.12958815097808837
0 0.059603333473205566 0.23146073818206786 0.07626739740371705 0.0929743766784668
0 0.3448056697845459 0.690591287612915 0.07615385055541993 0.10378618240356445
0 0.5319236755371094 0.26403440047419874 0.0616485595703125 0.11022783517837524
0 0.020630088448524476 0.3413821220397949 0.04126017689704895 0.0777597427368164
0 0.9149891853332519 0.9570991516113281 0.07563133239746093 0.08353443145751953
0 0.9299952507019043 0.88277587890625 0.05829067230224609 0.11294937133789062
0 0.028478157644824306 0.47643286792414596 0.05747863247863244 0.1183593353767793
0 0.7061529159545898 0.17243552207946777 0.045693492889404295 0.0745582103729248
0 0.06849477682811014 0.45548433048433046 0.08903133903133906 0.1270180436847104
0 0.5261158594491927 0.2334995251661918 0.05223171889838551 0.09140550807217472
0 0.46498100664767333 0.5617283950617284 0.07478632478632478 0.12345679012345682
0 0.7777777777777777 0.983048433048433 0.06647673314339984 0.034425451092117657
0 0.018518518518518493 0.6126187084520417 0.037037037037036986 0.07153371320037989
