0 0.35827661752700807 0.5839091777801514 0.08868768215179443 0.10886602401733399
0 0.8546262343498151 0.7628404904634525 0.08306045532226562 0.15946707725524903
0 0.4725515365600586 0.6863409996032714 0.07724514007568359 0.1255777359008789
0 0.546989107131958 0.8624011039733886 0.08248729705810547 0.10686359405517579
0 0.4083260416984558 0.7480976581573486 0.09402735233306884 0.10830926895141602
0 0.9377134323120118 0.29737262725830077 0.04278106689453125 0.10962295532226562
0 0.261529541015625 0.2893864599954255 0.05776867866516113 0.11014699935913086
0 0.3606140040943766 0.2735344494340087 0.07187066078186036 0.11812516450881957
0 0.14183381497859954 0.6960068702697754 0.09928715825080872 0.09996423721313477
0 0.5252082824707032 0.19730842113494873 0.07020406723022461 0.1214402198791504
0 0.6483114972979481 0.9095296925855384 0.09223308563232421 0.1756589889526365
0 0.31086130142211915 0.4833470344543457 0.08164153099060059 0.11230554580688476
0 0.26161158084869385 0.5029638767242431 0.07599329948425293 0.11966991424560547
0 0.5181438446044921 0.2291022300720215 0.05270166397094726 0.09541635513305664
0 0.21899492144584656 0.22976791262626647 0.05026818513870239 0.09498244524002075
0 0.18786459754788074 0.5665978591553054 0.10285110473632812 0.12606849670410156
0 0.6668046474456787 0.7520650386810303 0.060167121887207034 0.08843793869018554
0 0.016300155967473983 0.5678118705749512 0.0310396745800972 0.03885984420776367
0 0.2281576448243115 0.5397673314339981 0.09021842355175691 0.14363722697056036
0 0.3664529914529915 0.22044159544159542 0.07241215574548905 0.09140550807217475
0 0.6703466286799619 0.8311965811965811 0.06528964862298199 0.15194681861348527
0 0.8798670465337131 0.7095204178537512 0.06410256410256394 0.12701804368471034
