0 0.5173542499542236 0.875130558013916 0.07058210372924804 0.11264362335205078
0 0.60919189453125 0.22965269088745116 0.046388435363769534 0.10245738029479981
0 0.14148580133914948 0.7112658977508545 0.10998432040214538 0.10356254577636718
0 0.5825270477070315 0.5287165912581079 0.07833900451660156 0.14008769989013672
0 0.11429924317348147 0.26647002228304867 0.08410072326660156 0.11283493041992188
0 0.23569384565380566 0.2970681317964284 0.06699490547180176 0.10471234321594239
0 0.83128293663235 0.8578475174174802 0.08899173736572266 0.15390300750732422
0 0.4005063152041531 0.7184148010478514 0.09291410446166992 0.1433173179626465
0 0.3271986484527588 0.6692230224609375 0.08120536804199219 0.12622499465942383
0 0.27429635524749757 0.528752326965332 0.08097529411315918 0.12618236541748046
0 0.2674586200306558 0.257070071020244 0.06987972259521484 0.12817740440368647
0 0.40150200128555297 0.8449116706848144 0.08143489360809326 0.09728221893310547
0 0.41398094010602154 0.6675661262736814 0.06831960678100586 0.16480112075805664
0 0.16712406277656555 0.6679657459259033 0.09741123914718627 0.09789447784423828
0 0.12623464420423663 0.6206898213791372 0.09672625064849853 0.15121746063232422
0 0.8793245315551758 0.8137001991271973 0.04809837341308594 0.11175155639648438
0 0.4214763164520264 0.5822144508361816 0.05809803009033203 0.09048633575439453
0 0.6246438746438746 0.5053418803418803 0.08309591642924985 0.138888888888889
0 0.23409306742640076 0.5593542260208927 0.10446343779677113 0.11396011396011398
0 0.1278490028490028 0.5664767331433999 0.08903133903133906 0.09734093067426397
0 0.158713200379867 0.45014245014245013 0.07716049382716053 0.10208926875593544
0 0.13081671415004748 0.369420702754036 0.08072174738841406 0.08784425451092116
0 0.0744301994301994 0.37535612535612534 0.058167141500474834 0.08784425451092116
0 0.04415954415954415 0.4127492877492877 0.06410256410256415 0.09377967711301044
0 0.026234567901234577 0.44393399810066475 0.052469135802469154 0.0860161443494777
0 0.13675213675213668 0.22756410256410245 0.05935422602089267 0.1032763532763531
0 0.2839506172839506 0.20619658119658119 0.06647673314339973 0.10327635327635329
