0 0.48469014167785646 0.22139735221862794 0.06671781539916992 0.10674510002136231
0 0.8256194114685058 0.16281862258911134 0.03539142608642578 0.09776883125305176
0 0.5670460699630259 0.7234873296188833 0.12286787033081055 0.1722264289855957
0 0.8766133308410644 0.678121280670166 0.07820358276367187 0.10932769775390624
0 0.3852448732877842 0.4243967757039373 0.07895364761352539 0.1329146862030028
0 0.07301237398912416 0.23544874990541145 0.0919315755367279 0.12251820564270019
0 0.33748507499694824 0.7936629772186279 0.09692034721374512 0.1127232551574707
0 0.34682631492614746 0.635242223739624 0.0791346549987793 0.09641599655151367
0 0.27625646591186526 0.6888278007507325 0.0709165096282959 0.12276639938354492
0 0.907078742980957 0.22231543064117432 0.06721553802490235 0.10204229354858399
0 0.646236801147461 0.976236629486084 0.07555437088012695 0.04752674102783203
0 0.18465843796730042 0.5919348716735839 0.11060808897018433 0.11804399490356446
0 0.2414149871465714 0.5800480382960973 0.09543905258178711 0.16745939254760742
0 0.9675172805786133 0.020455238223075867 0.022734832763671876 0.040910476446151735
0 0.06799061137188762 0.6416700429273354 0.09225914180278778 0.13544120788574218
0 0.38397507667541503 0.7595795392990112 0.08542137145996094 0.09819321632385254
0 0.05494575667471853 0.4631867693360375 0.07102016756224382 0.13767458330645288
0 0.934712929739232 0.21566289111986006 0.10086650848388672 0.13317589759826662
0 0.08748812915479579 0.5415479582146249 0.0985280151946819 0.08309591642924974
0 0.05353751187084518 0.565289648622982 0.10707502374169035 0.13057929724596387
0 0.031101614434947716 0.36467236467236464 0.06172839506172836 0.09259259259259259
0 0.08926875593542255 0.20560303893637227 0.09971509971509976 0.14007597340930675
0 0.4174976258309591 0.37891737891737887 0.06291547958214631 0.11633428300094967
0 0.6198955365622032 0.6608499525166192 0.09734093067426397 0.1365147198480532
0 0.9671177587844252 0.18067426400759728 0.03679962013295334 0.11158594491927827
0 0.18957739791073122 0.5142450142450142 0.07241215574548916 0.12820512820512825
0 0.2655508072174738 0.5344254510921177 0.0819088319088319 0.1471984805318139
0 0.2774216524216524 0.48456790123456783 0.07241215574548905 0.12345679012345682
0 0.11301044634377967 0.4234330484330484 0.09734093067426397 0.1365147198480532
