0 0.6019339084625244 0.5481428146362305 0.06337251663208007 0.11933269500732421
0 0.5763189315795898 0.7010230541229248 0.09781780242919921 0.10519514083862305
0 0.3486718558178328 0.5688091533023295 0.08716068267822266 0.1456305503845215
0 0.2354215145111084 0.6708035660605144 0.10563716888427735 0.15226430892944337
0 0.1646475076675415 0.7071846485137939 0.09453749656677246 0.10458974838256836
0 0.657154130935669 0.24372910857200622 0.050698375701904295 0.11026898622512818
0 0.6878292560577393 0.17339223623275757 0.04352855682373047 0.10046794414520263
0 0.5379794309621523 0.9315147935155448 0.11202783584594726 0.13697681427001912
0 0.7432945934342748 0.24098248647035925 0.04844169616699219 0.11476283073425293
0 0.47560787200927734 0.810459041595459 0.10326938629150391 0.12218437194824219
0 0.23382599353790284 0.3078860521316528 0.08803672790527343 0.13124232292175292
0 0.019971518279367263 0.45667141500474834 0.04125354463784671 0.11989553656220335
0 0.9296054840087891 0.8682730674743653 0.0764913558959961 0.11991462707519532
0 0.507304334640503 0.7660058498382568 0.07931499481201172 0.11463632583618164
0 0.1348123421724479 0.5490560897508352 0.07425317168235779 0.0953073501586914
0 0.04314284682670083 0.4765371940754076 0.051890944523236254 0.10976954484597204
0 0.9792428016662598 0.1526791661977768 0.03869647979736328 0.12156303524971009
0 0.9186019897460938 0.19813671112060546 0.039551925659179685 0.08685221672058105
0 0.10517568850902181 0.4539767331433998 0.0892687559354226 0.14902659069325747
0 0.13081671415004748 0.4305555555555556 0.12583095916429252 0.11989553656220324
0 0.22993827160493827 0.6038698955365622 0.07003798670465336 0.1198955365622032
0 0.39138176638176636 0.5284900284900285 0.09377967711301044 0.13057929724596393
0 0.6062440645773978 0.8923314339981007 0.07716049382716063 0.11514719848053172
0 0.7623456790123456 0.21272554605887936 0.056980056980056884 0.09259259259259259
0 0.9231956315289647 0.060778727445394094 0.02018043684710354 0.08072174738841406
0 0.9303181386514718 0.04059829059829058 0.046296296296296294 0.07359924026590692
