0 0.9576167106628418 0.6876282215118408 0.07576923370361328 0.14089498519897461
0 0.37617288827896117 0.45424809455871584 0.07802302837371826 0.10642862319946289
0 0.45620527267456057 0.7065290927886962 0.09865169525146485 0.10608577728271484
0 0.440051794052124 0.8230694770812989 0.09403600692749023 0.13608131408691407
0 0.6859188556671143 0.2211672067642212 0.05164890289306641 0.09311065673828126
0 0.8119304625283845 0.960810521479912 0.10945682525634766 0.08014144897460937
0 0.5249044640224996 0.26960282491030063 0.06263904571533203 0.11725358963012696
0 0.9315834999084472 0.24505411982536315 0.047851943969726564 0.10615240335464478
0 0.8636090278625488 0.12873975932598114 0.03732318878173828 0.11994534134864807
0 0.7826155900955201 0.8695436477661133 0.06387228965759277 0.11208534240722656
0 0.07785764610693788 0.25348720637142147 0.07505393855535517 0.12977772400929374
0 0.21342897415161133 0.4374795913696289 0.08733582496643066 0.12625885009765625
0 0.7477715015411377 0.9195740699768067 0.05754241943359375 0.11184501647949219
0 0.6770286560058594 0.6733909130096436 0.07644577026367187 0.12826042175292968
0 0.8212955474853516 0.12648885250091552 0.03560028076171875 0.10122418403625488
0 0.18844866156578063 0.4741505146026611 0.0804021954536438 0.13896465301513672
0 0.4075795650482178 0.25553739070892334 0.07029685974121094 0.11604738235473633
0 0.966588020324707 0.021138595789670943 0.026157569885253907 0.04191978126764297
0 0.30020105838775635 0.7877023220062256 0.08248262405395508 0.09499902725219726
0 0.5474833808167141 0.2507122507122507 0.04748338081671414 0.11396011396011395
0 0.3670465337132004 0.31659544159544156 0.07597340930674258 0.09852801519468186
0 0.10113960113960113 0.22578347578347574 0.07359924026590689 0.11870845204178535
