0 0.47342944145202637 0.46645293235778806 0.06270132064819336 0.12171258926391601
0 0.742587947845459 0.2807150363922119 0.04013843536376953 0.09687337875366211
0 0.9163941383361817 0.7971293210983277 0.05639972686767578 0.10588459968566895
0 0.9578973770141601 0.8803034782409668 0.07354850769042968 0.11012153625488282
0 0.777173113822937 0.7409582138061523 0.0681042194366455 0.1120640754699707
0 0.8101082801818847 0.17587657570838927 0.05574378967285156 0.10571621656417847
0 0.8068437576293945 0.7072384357452393 0.052623748779296875 0.10498723983764649
0 0.20871806144714355 0.23930335640907288 0.08673739433288574 0.09143322706222534
0 0.6597833633422852 0.27007318652479967 0.04850187301635742 0.10144639015197754
0 0.14432454109191895 0.45434141159057617 0.09703688621520996 0.11561059951782227
0 0.6675689220428467 0.9524418830871582 0.08768892288208008 0.09072284698486328
0 0.04707691289930259 0.24718039057306868 0.05114531950053999 0.1021480556000785
0 0.9315835952758789 0.2153718614849949 0.04220714569091797 0.09819512367248533
0 0.6982772350311279 0.8121754646301269 0.09438571929931641 0.11907482147216797
0 0.756402080803968 0.5150585286864074 0.06196537017822266 0.13026342391967774
0 0.6795183324406291 0.2453998010269484 0.046471786499023435 0.12098560333251954
0 0.5549323558807373 0.43811836242675783 0.06526470184326172 0.12726516723632814
0 0.6136519908905029 0.2341829717159271 0.03347902297973633 0.09630028009414673
0 0.5534567832946777 0.38598995208740233 0.05903816223144531 0.126151180267334
0 0.5625514204798713 0.15709721592360185 0.05632476806640625 0.11006675362586975
0 0.6858757972717285 0.13617517948150634 0.03961677551269531 0.06032853126525879
0 0.45772733688354494 0.8862590789794922 0.09679746627807617 0.1066314697265625
0 0.9315052231718897 0.17711301044634375 0.05816714150047472 0.12345679012345677
0 0.6923076923076923 0.2091642924976258 0.04748338081671414 0.09021842355175688
0 0.6810303893637226 0.18067426400759728 0.039173789173789025 0.09259259259259256
0 0.5777540360873691 0.12132003798670465 0.03917378917378924 0.10683760683760685
0 0.0999525166191833 0.23646723646723644 0.06885090218423552 0.1282051282051282
0 0.7825261158594492 0.47329059829059833 0.05223171889838551 0.11277302943969618
