0 0.39574716091156004 0.44083232879638673 0.08895907402038575 0.13083457946777344
0 0.8622682571411133 0.22465670704841614 0.05275592803955078 0.09944924116134643
0 0.6686794757843018 0.2821156978607178 0.054431724548339847 0.10096368789672852
0 0.052077066898345944 0.4407090187072754 0.10328032970428466 0.10940351486206054
0 0.7353731632232666 0.17384851574897767 0.03879756927490234 0.11048616170883178
0 0.8934382438659668 0.827785587310791 0.06745891571044922 0.11265640258789063
0 0.6770645974821287 0.4841229203306598 0.04667430417603353 0.10962690387809154
0 0.8322866439819336 0.7562172651290894 0.052215576171875 0.09948143959045411
0 0.5897349834442138 0.27947587966918946 0.061834526062011716 0.09858741760253906
0 0.6972875118255615 0.7086921215057373 0.04690980911254883 0.09076156616210937
0 0.7166187286376953 0.9744007110595703 0.0662013053894043 0.05100746154785156
0 0.9244942665100098 0.7076325416564941 0.05673370361328125 0.11684026718139648
0 0.4727181716975097 0.413135076248408 0.0771182624929197 0.11401944024610386
0 0.5482028007507325 0.23557209968566895 0.04430179595947266 0.09028501510620117
0 0.8638138771057129 0.17000277638435363 0.04273300170898438 0.06246422529220581
0 0.13231291770935058 0.2385403871536255 0.08327660560607911 0.09029278755187989
0 0.38656768798828123 0.836758828163147 0.08844184875488281 0.10662341117858887
0 0.6032284259796142 0.1564658463001251 0.04048976898193359 0.09048570394515991
0 0.040534600615501404 0.23531608581542968 0.08106920123100281 0.11196231842041016
0 0.5037416962363668 0.15439484060546496 0.051405519728194175 0.0927402984948806
0 0.6224512885891587 0.23908316092839835 0.05542980648739941 0.09117676820057635
0 0.7265081405639648 0.6676101684570312 0.04759998321533203 0.08549165725708008
0 0.9019765853881836 0.9229822158813477 0.0924448013305664 0.12210407257080078
0 0.6905270655270654 0.4481244064577398 0.056980056980056884 0.09377967711301048
0 0.5154320987654321 0.13295346628679963 0.05341880341880356 0.08309591642924975
0 0.48516144349477675 0.3679962013295347 0.07834757834757843 0.12345679012345677
0 0.6329534662867996 0.21545584045584043 0.05816714150047494 0.09140550807217475
0 0.6270180436847103 0.178656220322887 0.048670465337131985 0.08190883190883193
