0 0.33003940582275393 0.4106090545654297 0.08296070098876954 0.12178230285644531
0 0.7497454643249511 0.7282695293426513 0.06909027099609374 0.09876890182495117
0 0.6763266086578369 0.1668861150741577 0.062249374389648435 0.10484328269958496
0 0.8325740575790406 0.6578725814819336 0.07534985542297364 0.12140693664550781
0 0.799457311630249 0.7815003156661987 0.07160882949829102 0.09502549171447754
0 0.5913732051849365 0.4705620288848877 0.051458740234375 0.09488773345947266
0 0.5867070198059082 0.28490548133850097 0.05560493469238281 0.10194911956787109
0 0.7904218196868896 0.22776482105255128 0.04893064498901367 0.10071039199829102
0 0.40618009567260743 0.3782070755958557 0.08275356292724609 0.13651015758514404
0 0.4418985228877407 0.1643557362966948 0.04363038165194621 0.10323599711791409
0 0.6447636604309082 0.6697988510131836 0.07050485610961914 0.10328445434570313
0 0.5133510112762452 0.27660284042358396 0.05450849533081055 0.10078659057617187
0 0.8053813592569009 0.20065019663509068 0.03988793213684866 0.10445536248557442
0 0.5620678901672364 0.16516364812850953 0.05141448974609375 0.06353676319122314
0 0.5910449028015137 0.4125503182411194 0.045939159393310544 0.06949985027313232
0 0.5225850105285644 0.16933064460754393 0.03838405609130859 0.10170269012451172
0 0.6632394790649414 0.6501192569732666 0.06983737945556641 0.11584596633911133
0 0.39684141874313356 0.32444472312927247 0.057105851173400876 0.07981243133544921
0 0.5553614530954752 0.2539300845072673 0.05193975647171227 0.08718949834386386
0 0.05883688926696777 0.2191899299621582 0.09739737510681153 0.10151548385620117
0 0.48117775917053224 0.23795533180236816 0.034476852416992186 0.08089976310729981
0 0.32419919919919926 0.7977977977977978 0.08383383383383382 0.10385385385385389
0 0.566941941941942 0.220970970970971 0.043793793793793785 0.07882882882882886
0 0.4624624624624625 0.1427677677677678 0.05255255255255262 0.08008008008008007
