0 0.6068179607391357 0.15630375742912292 0.059684467315673825 0.10199037790298462
0 0.28237841129302976 0.3853630304336548 0.09593162536621094 0.12322545051574707
0 0.9500574111938477 0.7862572431564331 0.08510379791259766 0.11796536445617675
0 0.7485496520996093 0.6080195903778076 0.057790184020996095 0.10713672637939453
0 0.7178155899047851 0.23267104625701904 0.04419031143188477 0.09694457054138184
0 0.3322144597380966 0.3599946112723441 0.0753108202635467 0.10912836168382735
0 0.6763900279998779 0.6999161720275879 0.06117935180664062 0.11435661315917969
0 0.956634521484375 0.02000875398516655 0.03181533813476563 0.03981700092554093
0 0.2674654483795166 0.7534746646881103 0.09782915115356446 0.10588197708129883
0 0.5306264590691995 0.2930138842360274 0.07388221699673615 0.11030204274632906
0 0.4185490074693231 0.24545872237092706 0.05746590381882094 0.10197383363329525
0 0.5853141784667969 0.6402027130126953 0.0737309455871582 0.10971698760986329
0 0.9668891906738282 0.6574317932128906 0.06622161865234374 0.1101104736328125
0 0.6826766490936279 0.7737451791763306 0.08443737030029297 0.10161795616149902
0 0.9906373023986816 0.195809406042099 0.01784210205078125 0.07012501955032349
0 0.38006635904312136 0.17954930067062377 0.04841773509979248 0.11122767925262451
0 0.5085047721862793 0.1727070093154907 0.05336809158325195 0.0640897274017334
0 0.5968025684356689 0.6107649326324462 0.06887407302856445 0.10864753723144531
0 0.5108540058135986 0.44254331588745116 0.07505369186401367 0.11401596069335937
0 0.4377810001373291 0.17830994725227356 0.0344395637512207 0.08406175374984741
0 0.9782020529230555 0.6016208420048008 0.0429906924326975 0.11332488255696502
0 0.7336166381835938 0.21326751708984376 0.047851943969726564 0.1221038818359375
0 0.027158330380916595 0.21810245513916016 0.051978328824043275 0.07161026000976563
0 0.5144670963287353 0.4022408962249756 0.06343450546264648 0.07026004791259766
0 0.34547047047047047 0.32482482482482483 0.08883883883883884 0.10885885885885889
0 0.39165173237753886 0.15681003584229392 0.051523297491039406 0.09109916367980886
0 0.4484020310633214 0.2766577060931899 0.08437873357228201 0.10678016726403822
0 0.5126194743130227 0.22737455197132617 0.07243130227001197 0.09184587813620074
0 0.4730436081242533 0.2579898446833931 0.05451015531660699 0.0978195937873357
