0 0.6009557247161865 0.6721877574920654 0.08509082794189453 0.1040980339050293
0 0.6848939418792724 0.5522989749908447 0.07942361831665039 0.1212540626525879
0 0.832328200340271 0.6976476192474366 0.08146481513977051 0.1018453598022461
0 0.7038018703460693 0.16416349411010742 0.04250211715698242 0.10239210128784179
0 0.3499532578621704 0.18290887604746825 0.06991147994995117 0.10554399490356445
0 0.3971700668334961 0.4706258773803711 0.06964693069458008 0.11010608673095704
0 0.7083495616912842 0.5093128681182861 0.05926084518432617 0.12757329940795897
0 0.23546242393678 0.30473235088940626 0.08577226019341103 0.10704975788633211
0 0.40931128524269544 0.25532336890464385 0.06534444764205055 0.10703505158890571
0 0.35308945178985596 0.6479984760284424 0.08533973693847656 0.11193122863769531
0 0.3835177540779114 0.5762117385864258 0.07956693172454835 0.1041604995727539
0 0.2629234673225208 0.24017441787713792 0.0815581080032738 0.10141948623669098
0 0.8761488914489746 0.08211065977811813 0.039437294006347656 0.09734784662723542
0 0.43340301513671875 0.22894017100334169 0.07827129364013671 0.11818758249282837
0 0.9165872573852539 0.852511215209961 0.1170389175415039 0.10585575103759766
0 0.32929081916809083 0.5131023406982422 0.055847549438476564 0.07429981231689453
0 0.16524203474967605 0.2765411615371704 0.08020097017288208 0.10492825508117676
0 0.04364517150736895 0.3022234242679745 0.07980683210656948 0.1251216329093635
0 0.3073190450668335 0.5452531337738037 0.0536440372467041 0.06801338195800781
0 0.9707082082082084 0.981956956956957 0.05302802802802797 0.034234234234234176
0 0.04917417417417419 0.6139639639639639 0.09834834834834838 0.1186686686686687
0 0.02640157280568238 0.42421359715880264 0.053614916286149165 0.10273972602739734
0 0.06652714358193808 0.26185946220192796 0.10400811770674784 0.11161846778285135
0 0.09094368340943682 0.23205225773718924 0.09830035514967018 0.11288685946220194
0 0.10711567732115676 0.20034246575342463 0.06215119228817856 0.09259259259259256
0 0.1502409944190766 0.18670725520040585 0.06976154236428207 0.0843480466768138
0 0.15717398070339247 0.23478835978835982 0.05602240896358542 0.06730469965764085
0 0.23401027077497666 0.25346249610955496 0.08053221288515407 0.0898692810457516
0 0.2423747276688453 0.20424836601307192 0.06458138811079987 0.08247743541861191
0 0.023296077142230986 0.3251698444006137 0.04821389436774052 0.09149682226605305
