0 0.5630358695983887 0.1761880934238434 0.05235424041748047 0.09633110761642456
0 0.24812281131744385 0.41872256994247437 0.09069476127624512 0.10542118549346924
0 0.582318925857544 0.5035837650299072 0.07611217498779296 0.13018836975097656
0 0.6057782173156738 0.4630129814147949 0.056839370727539064 0.1253610610961914
0 0.3172825633703888 0.7116138400974217 0.12005061222626276 0.09665110361826658
0 0.4532482624053955 0.6278707027435303 0.08287487030029297 0.11123666763305665
0 0.14074939633403716 0.23444862587792034 0.086854709348794 0.10847715235123669
0 0.797141432762146 0.12640769481658937 0.03350071907043457 0.10671014785766601
0 0.2779556058202421 0.2639318620629655 0.08380275975665549 0.11368376395621053
0 0.9785602569580079 0.5997431755065918 0.04286060333251953 0.1094538688659668
0 0.698101282119751 0.6448303699493408 0.05103464126586914 0.10438461303710937
0 0.7443619728088379 0.9092597961425781 0.09028282165527343 0.11904792785644532
0 0.04498381018638611 0.2713141441345215 0.07391352653503418 0.11916332244873047
0 0.10042568800166976 0.30244450375060705 0.08866090855844996 0.11549969803600638
0 0.24093822802560075 0.5946436602421458 0.08418668707430388 0.11415969088351192
0 0.20913104771431168 0.5215501082350056 0.08760515796338239 0.10266435998763444
0 0.22541514341762137 0.48976146966754447 0.0807062001467887 0.09473448640748516
0 0.30518885221855513 0.22772277227722768 0.06967363403006964 0.11459479281261462
0 0.22313898056472312 0.19563623028969562 0.07975797579757979 0.10176017601760179
0 0.14475614228089473 0.1993032636596993 0.07517418408507516 0.11092775944261099
0 0.09800146681334798 0.2538503850385038 0.08617528419508617 0.10634396773010635
0 0.05628896222955626 0.23276494316098276 0.05775577557755775 0.099009900990099
0 0.04207920792079206 0.18188485515218186 0.06600660066006601 0.10176017601760176
