0 0.8589530944824219 0.5283898830413818 0.06085147857666016 0.1179316520690918
0 0.41787861585617064 0.1920996844768524 0.06915295124053955 0.0958823800086975
0 0.47430710792541503 0.4626137733459473 0.08487319946289062 0.11537036895751954
0 0.5196827411651611 0.42832854986190794 0.07983779907226562 0.11226980686187744
0 0.6825277805328369 0.14982239603996278 0.05871372222900391 0.1022377610206604
0 0.3058631181716919 0.5711240291595459 0.10210223197937011 0.10182428359985352
0 0.9098110198974609 0.18442856073379515 0.03464374542236328 0.09871413707733154
0 0.1480776399374008 0.5347659587860107 0.10683754086494446 0.10518131256103516
0 0.5749372959136962 0.5787265300750732 0.05381174087524414 0.10654468536376953
0 0.5217793464660645 0.7814731597900391 0.08255376815795898 0.09352474212646485
0 0.0442343194086153 0.19149076605702303 0.0884686388172306 0.1052037543362683
0 0.0819760337471962 0.49903407096862795 0.09892787635326386 0.11554880142211914
0 0.10698984861373902 0.36128551959991456 0.09875779151916504 0.1123279094696045
0 0.16750881671905518 0.2326349675655365 0.07940635681152344 0.11751195192337036
0 0.14518842398822018 0.2508946016386107 0.09191370010375977 0.08892097473144531
0 0.11899399399399405 0.48185685685685686 0.12887887887887892 0.11761761761761762
0 0.10648148148148154 0.20282782782782785 0.09384384384384385 0.10760760760760761
0 0.034534534534534554 0.22472472472472474 0.06756756756756756 0.10635635635635636
