0 0.7378101825714112 0.45820274353027346 0.06837425231933594 0.11030435562133789
0 0.5531373977661133 0.15825560688972473 0.06266613006591797 0.10378583669662475
0 0.41517034769058225 0.3832359552383423 0.08451335430145264 0.1183556079864502
0 0.7437711715698242 0.19177622795104982 0.06311273574829102 0.10202975273132324
0 0.3710104703903198 0.4255518436431885 0.07699551582336425 0.12384147644042968
0 0.7318726062774659 0.9688521385192871 0.07572269439697266 0.06217060089111328
0 0.9414658546447754 0.8877259254455566 0.07514629364013672 0.13090572357177735
0 0.8626626968383789 0.9331834793090821 0.07585258483886718 0.1073577880859375
0 0.3467124938964844 0.6756673336029053 0.08032307624816895 0.09558620452880859
0 0.45484113693237305 0.5300315380096435 0.07797985076904297 0.09947795867919922
0 0.27422910175762616 0.19432414666310446 0.07898873404578276 0.10561526029317583
0 0.9791905403137207 0.9474491119384766 0.04031982421875 0.10342903137207031
0 0.030980980980981 0.5328720177019443 0.062162162162162235 0.11568739602754308
0 0.05310899317264557 0.21562232971191406 0.10305606722831726 0.10859208106994629
0 0.13642494678497313 0.535427188873291 0.1219822883605957 0.10977230072021485
0 0.025075075075075087 0.2405494117522025 0.05145145145145149 0.11474702234144087
0 0.049799799799799815 0.48498498498498493 0.09959959959959963 0.10885885885885889
