0 0.490472412109375 0.165969181060791 0.07882614135742187 0.1109781265258789
0 0.6535090923309326 0.19763877987861633 0.06382312774658203 0.10167697668075562
0 0.6771725177764892 0.4368544459342957 0.060941886901855466 0.12035038471221923
0 0.6328663349151611 0.9461611747741699 0.07714691162109374 0.10605964660644532
0 0.9555553436279297 0.8687299728393555 0.06048393249511719 0.10211830139160157
0 0.33117077350616453 0.39873652458190917 0.09482498168945312 0.1136240005493164
0 0.7858983755111695 0.8969128608703614 0.09548478126525879 0.10555858612060547
0 0.3674135684967041 0.3580028176307678 0.07723331451416016 0.12587783336639405
0 0.9049992561340332 0.9263032913208008 0.060631942749023435 0.11891517639160157
0 0.8620929718017578 0.8502647399902343 0.06874599456787109 0.10675010681152344
0 0.048374433815479276 0.5213402271270752 0.09611984193325043 0.11868848800659179
0 0.26375384330749513 0.6280066013336182 0.07164506912231446 0.10137834548950195
0 0.3792936444282532 0.505229377746582 0.07507054805755616 0.10840520858764649
0 0.19219219219219225 0.19844844844844844 0.07257257257257257 0.10885885885885888
0 0.014139139139139155 0.2308933933933934 0.02827827827827831 0.08400900900900903
