0 0.6078952789306641 0.41481966972351075 0.05697574615478516 0.11224203109741211
0 0.5368496417999268 0.9181586265563965 0.1098520278930664 0.14226322174072265
0 0.5586496353149414 0.20179333686828613 0.055574893951416016 0.1030308723449707
0 0.40797934532165525 0.166375333070755 0.056671142578125 0.10075229406356812
0 0.831779956817627 0.8791189193725586 0.0840749740600586 0.11617317199707031
0 0.796090054512024 0.806644058227539 0.05973048210144043 0.12430572509765625
0 0.12121287646355694 0.1949566216082186 0.07826158876294961 0.0993727026758967
0 0.686662244796753 0.8577342987060547 0.06908397674560547 0.11390419006347656
0 0.2870612859725952 0.37407851219177246 0.07730627059936523 0.11487035751342774
0 0.3206298351287842 0.3512640118598938 0.0817647933959961 0.13057429790496827
0 0.1960419774055481 0.5860856056213379 0.09809648990631104 0.10923881530761718
0 0.8767801284790039 0.8432835578918457 0.06176433563232422 0.11038970947265625
0 0.3103505849838257 0.47786970138549806 0.06469864845275879 0.11082391738891602
0 0.6692256927490234 0.9852114677429199 0.08462791442871094 0.029233360290527345
