0 0.3752677083015442 0.21086521148681642 0.07682921886444091 0.0986973762512207
0 0.5599481105804444 0.7919477462768555 0.10146074295043946 0.11270065307617187
0 0.5009373664855957 0.37570241689682005 0.062241744995117185 0.10954382419586181
0 0.4012442588806152 0.810542106628418 0.08454875946044922 0.12058429718017578
0 0.19962724447250366 0.43485580682754515 0.08076808452606202 0.09981105327606202
0 0.49293017387390137 0.9125225067138671 0.08971271514892579 0.1023162841796875
0 0.20329360961914061 0.34658619165420534 0.08157434463500976 0.12031543254852295
0 0.23600380420684813 0.32151525020599364 0.06913847923278808 0.1310054302215576
0 0.6598718166351318 0.7438668251037598 0.06519365310668945 0.11065301895141602
0 0.06130415201187134 0.49639139175415037 0.08860809803009033 0.0955169677734375
0 0.2826699733734131 0.1786470055580139 0.07865638732910156 0.11771295070648194
0 0.038712090253829955 0.251210880279541 0.06590877771377564 0.09053263664245606
0 0.7287672519683838 0.7834987878799439 0.07712593078613281 0.12122836112976074
0 0.08117573410272598 0.2682889223098755 0.06437170207500457 0.08995747566223145
0 0.6826676368713379 0.811104416847229 0.07460289001464844 0.1224240779876709
