0 0.9108203887939453 0.30752012729644773 0.04717445373535156 0.1081242561340332
0 0.025863363363363378 0.30016878002040737 0.05237737737737742 0.09811088840763373
0 0.2504167079925537 0.6281697750091553 0.09480443000793456 0.13228168487548828
0 0.8043537139892578 0.14858362674713135 0.04085865020751953 0.09179706573486328
0 0.217844820022583 0.31205077171325685 0.10159668922424317 0.10171785354614257
0 0.8849637985229493 0.22784719467163086 0.051935577392578126 0.09935441017150878
0 0.3409726664110705 0.6600404768018752 0.09032693945013127 0.10659572307292652
0 0.08011361956596375 0.6270204544067383 0.127727210521698 0.14769725799560546
0 0.38720341920852663 0.6430411338806152 0.07660558223724365 0.10788021087646485
0 0.8788003921508789 0.18443498611450196 0.03892993927001953 0.09740839004516602
0 0.31580636501312254 0.5882477760314941 0.06770033836364746 0.08928508758544922
0 0.42047710418701173 0.2636924505233765 0.051386451721191405 0.08312253952026367
0 0.1457812786102295 0.6758537769317627 0.14214701652526857 0.11955728530883789
0 0.16752173900604247 0.2388732373714447 0.057743954658508304 0.08601380586624145
0 0.3912057042121887 0.22130966186523438 0.051974940299987796 0.08359303474426269
0 0.0372872872872873 0.26737987987987993 0.0745745745745746 0.12364864864864868
0 0.016641641641641662 0.47082082082082083 0.033283283283283324 0.05460460460460465
0 0.9897772772772774 0.893480980980981 0.018593593593593555 0.057482482482482444
