0 0.40730870962142945 0.3456419944763184 0.07035982608795166 0.11384468078613282
0 0.2887075424194336 0.2278128445148468 0.06979913711547851 0.0963408350944519
0 0.8698527336120605 0.3541226387023926 0.04138317108154297 0.09705638885498047
0 0.9745109558105469 0.9416626930236817 0.05084686279296875 0.09553737640380859
0 0.7119488716125488 0.67665696144104 0.06502676010131836 0.11778774261474609
0 0.17764829799338985 0.5504862865766844 0.11417287348268991 0.12049889831810275
0 0.5827420711517334 0.2125579833984375 0.035583209991455075 0.09828472137451172
0 0.6116254359752208 0.17653288177780443 0.038065686765256464 0.0900527505425958
0 0.6465548474748094 0.22910410410410412 0.045361947201871124 0.0950950950950951
0 0.7473062992095947 0.6501272201538086 0.06455812454223633 0.11849040985107422
0 0.9189085960388184 0.18056886196136473 0.05202808380126953 0.0980708122253418
0 0.1251281193456612 0.5763887169363502 0.09158560315051953 0.12124659015132377
0 0.6755324840545655 0.25114896297454836 0.06129932403564453 0.09969611167907715
0 0.562710189819336 0.13028725385665893 0.0404240608215332 0.09776747226715088
0 0.10620679954389434 0.521093569861518 0.10830949498368452 0.12351847105436738
0 0.6163663663663664 0.16529029029029033 0.04504504504504494 0.1101101101101101
0 0.04642142142142147 0.5437937937937939 0.08383383383383387 0.12137137137137133
0 0.03353353353353354 0.27182182182182185 0.06706706706706708 0.10475475475475478
