0 0.8475824356079101 0.8799326896667481 0.0881265640258789 0.1049203872680664
0 0.36046385765075684 0.23483192920684814 0.048210859298706055 0.09755210876464844
0 0.8337203979492187 0.17503324747085572 0.036768341064453126 0.09926340579986573
0 0.5051088809967041 0.13155908584594728 0.04049100875854492 0.09883875846862793
0 0.868642520904541 0.3548082232475281 0.041008377075195314 0.09624826908111572
0 0.5431914329528809 0.17581207752227784 0.052594470977783206 0.11305003166198731
0 0.49782371520996094 0.32713286876678466 0.05192480087280273 0.11300215721130372
0 0.7350133895874024 0.2459298551082611 0.04473533630371094 0.09860354661941528
0 0.744931411743164 0.9771571636199952 0.06912927627563477 0.04568567276000977
0 0.644504451751709 0.6391371250152588 0.07792558670043945 0.14411306381225586
0 0.6955936596319602 0.22833309070961375 0.040836968913569964 0.09355306830611433
0 0.06577154051314843 0.5592916364307041 0.09268114319792749 0.12541072113258597
0 0.6688074111938477 0.6160444259643555 0.046393394470214844 0.11387577056884765
0 0.04345609098672867 0.481487512588501 0.07762300670146942 0.09757919311523437
0 0.01608637496829033 0.2926182270050049 0.028699709475040434 0.039294195175170896
0 0.5453970816280987 0.15388487807742587 0.04183846937643512 0.11482681321190877
0 0.6920670670670671 0.20345345345345348 0.046296296296296294 0.10885885885885888
0 0.11524024024024028 0.5312812812812814 0.10885885885885885 0.11386386386386381
