0 0.5945439338684082 0.3174887657165527 0.06928501129150391 0.11178889274597167
0 0.6135371685028076 0.942780590057373 0.11078338623046875 0.11443881988525391
0 0.456221866607666 0.24270939826965332 0.058397960662841794 0.10231633186340332
0 0.06587410792932134 0.510390888153015 0.12355148792266846 0.12781686782836915
0 0.8675451278686523 0.3546291470527649 0.041181755065917966 0.0955336332321167
0 0.5744315624237061 0.6115338325500488 0.08245820999145508 0.12685775756835938
0 0.7588930435486144 0.22430490031614675 0.03959217071533203 0.1000205397605896
0 0.4737237237237238 0.19893787847505554 0.05755755755755753 0.09482270389705799
0 0.7989976167678833 0.24086570739746094 0.055129384994506835 0.11248345375061035
0 0.5949546813964843 0.5885517120361328 0.056701278686523436 0.12433271408081055
0 0.7318709373474122 0.8160789728164672 0.05091924667358398 0.1088172435760498
0 0.7561800956726075 0.16473473310470582 0.032503509521484376 0.07503707408905029
0 0.7959209209209209 0.1778028028028028 0.02877877877877895 0.0875875875875876
0 0.48811311311311323 0.16779279279279283 0.0613113113113114 0.09759759759759758
0 0.44431931931931934 0.1383883883883884 0.03878878878878888 0.10385385385385384
0 0.04291791791791795 0.5273898898898899 0.0858358358358359 0.10663163163163165
