0 0.6727903842926025 0.29631857872009276 0.03594121932983398 0.10913887023925781
0 0.6833816051483155 0.1694258689880371 0.062367820739746095 0.09674677848815919
0 0.5480047225952148 0.2413038730621338 0.06904468536376954 0.09656724929809571
0 0.5043837547302246 0.871762752532959 0.08796882629394531 0.11615867614746093
0 0.5073605537414551 0.5815794944763184 0.06519517898559571 0.12213363647460937
0 0.8665507316589356 0.3562999486923218 0.04329681396484375 0.09429869651794434
0 0.9643482208251953 0.6083766937255859 0.06151905059814453 0.12768115997314453
0 0.8228646278381347 0.2203828811645508 0.04602375030517578 0.09902949333190918
0 0.4031013738166343 0.20612338383992515 0.06366712223660123 0.11603151059842805
0 0.031819820404052734 0.49315485954284666 0.06350911855697632 0.1151503562927246
0 0.8652595520019531 0.24088675975799562 0.04131126403808594 0.10399937629699707
0 0.5430578231811524 0.5503329277038574 0.07785043716430665 0.11253232955932617
0 0.8973779678344727 0.18058515787124635 0.030516433715820312 0.09895079135894776
0 0.6187673568725586 0.7510751724243164 0.054219532012939456 0.09192752838134766
0 0.3898148659351949 0.13781417989814368 0.04269259045193271 0.07997724580931834
0 0.41741741741741745 0.17530030030030033 0.057557557557557586 0.0975975975975976
