0 0.41769760847091675 0.8136241912841797 0.117934250831604 0.11697502136230468
0 0.7620423316955567 0.2746582508087158 0.06387062072753906 0.10566177368164062
0 0.6315131664276123 0.2311225175857544 0.039394378662109375 0.09708094596862793
0 0.8670140266418457 0.35701349973678587 0.04340782165527344 0.09539940357208251
0 0.9275929450988769 0.23145713806152343 0.05352077484130859 0.10178694725036622
0 0.8820308685302735 0.20925443172454833 0.036590957641601564 0.10133056640625
0 0.48139066696166993 0.5133111953735352 0.05470771789550781 0.10279045104980469
0 0.6000934638060605 0.16502319722920208 0.038503170013427734 0.10025490522384643
0 0.341481157728621 0.2183045321517998 0.08680745431252787 0.10918673149219627
0 0.44960966110229494 0.5553215026855469 0.08411941528320313 0.13163976669311522
0 0.5169558048248291 0.7122460842132569 0.07907085418701172 0.10905780792236328
0 0.9384750069321336 0.9352514893204363 0.06363670055095386 0.13101348915138303
0 0.0197697697697698 0.4867617617617618 0.0395395395395396 0.0827827827827829
0 0.3667417417417418 0.18906406406406406 0.0813313313313313 0.10760760760760758
0 0.35360360360360366 0.16529029029029033 0.07757757757757755 0.09759759759759756
0 0.966091091091091 0.8816316316316317 0.061311311311311345 0.13388388388388398
0 0.8634884884884885 0.5725725725725727 0.0788288288288289 0.12387387387387384
