0 0.3199944496154785 0.7510013580322266 0.10829253196716308 0.11418132781982422
0 0.5345301628112793 0.17755986452102662 0.06092128753662109 0.1004439115524292
0 0.8438443183898926 0.2551856577396393 0.037021827697753903 0.11256493330001831
0 0.7641828536987305 0.5379517555236817 0.05190725326538086 0.11357927322387695
0 0.7127388000488282 0.22340603470802306 0.03836269378662109 0.09485062360763549
0 0.3818665027618408 0.5127496242523193 0.0806452751159668 0.12288169860839844
0 0.8672248840332031 0.3572567939758301 0.04339408874511719 0.09612350463867188
0 0.4254771113395691 0.49384536743164065 0.07358038425445557 0.11803989410400391
0 0.2731121502242409 0.2350253777103023 0.07089281666863544 0.11078007541022625
0 0.9399879455566407 0.20019468665122986 0.04427680969238281 0.09155632257461548
0 0.42077449560165403 0.6549592018127441 0.05928528308868408 0.09757776260375976
0 0.847542461093601 0.8831053542899893 0.07696680406908382 0.13182632419559415
0 0.979163408279419 0.22364303469657898 0.04167318344116211 0.09645205736160278
0 0.8797547547547548 0.8178178178178179 0.07132132132132138 0.1113613613613613
0 0.28603603603603606 0.20783283283283285 0.07007007007007013 0.10760760760760761
0 0.30105105105105107 0.18531031031031034 0.07757757757757755 0.11261261261261263
