0 0.15951337814331054 0.6404369354248047 0.10855803489685059 0.13306350708007814
0 0.5860790252685547 0.47772645950317383 0.06648311614990235 0.1129974365234375
0 0.36286015510559083 0.19472721219062805 0.05874104499816894 0.10709012746810913
0 0.9814169883728028 0.22117965221405028 0.03660507202148437 0.10610847473144532
0 0.2488250255584717 0.5632300853729248 0.07471666336059571 0.10359201431274415
0 0.8678252220153808 0.35787675380706785 0.043958854675292966 0.09229960441589355
0 0.6631588459014892 0.7873119831085205 0.08712053298950195 0.11032800674438477
0 0.8705788612365722 0.21629148125648498 0.03595027923583984 0.09737166166305541
0 0.7008078575134278 0.7218462944030761 0.06682004928588867 0.1252758026123047
0 0.13262308192802028 0.24538499651489795 0.08660568799581143 0.11508586282606004
0 0.2760425090789795 0.453238046169281 0.09302163124084473 0.12736332416534424
0 0.3202815532684326 0.43113166093826294 0.07967720031738282 0.10974786281585694
0 0.9597946166992187 0.9020589828491211 0.07589130401611328 0.10175647735595703
0 0.2072593028600271 0.18080284230343932 0.07768176888321729 0.1161101891113831
0 0.15528028028028035 0.22722722722722724 0.0763263263263264 0.10885885885885888
