0 0.057933378219604495 0.5242704391479492 0.11586675643920899 0.12128496170043945
0 0.8674853324890137 0.3572811961174011 0.04516410827636719 0.09309427738189698
0 0.4216942310333252 0.4362016677856445 0.07744226455688477 0.1227487564086914
0 0.5484996318817139 0.64070143699646 0.0800262451171875 0.11018514633178711
0 0.7725162506103516 0.8196208000183105 0.06641139984130859 0.10577354431152344
0 0.02227227227227228 0.2313924325001729 0.04454454454454456 0.11554346332798252
0 0.17467467467467473 0.3957616185282802 0.09259259259259259 0.11809981363313693
0 0.5108397006988525 0.6943573951721191 0.07962360382080078 0.12713727951049805
0 0.20400235652923585 0.21573410034179688 0.07195124626159669 0.10563664436340332
0 0.10527833700180053 0.4600636959075928 0.0693547010421753 0.0802032470703125
0 0.7777540922164917 0.9553484916687012 0.08095650672912598 0.08930301666259766
0 0.8517838974495431 0.9146000824413739 0.07043466176595298 0.11549452981194704
0 0.09511215090751649 0.17892398834228515 0.07799121141433715 0.1124340534210205
0 0.9337519645690918 0.9794203758239746 0.07172584533691406 0.04115924835205078
0 0.7427427427427428 0.9886136136136137 0.065065065065065 0.020020020020020065
0 0.20845845845845848 0.3811311311311312 0.07757757757757755 0.10635635635635633
0 0.0372872872872873 0.2208958958958959 0.0745745745745746 0.11401401401401404
