0 0.2762091875076294 0.3881627440452576 0.09610075950622558 0.10894186496734619
0 0.8672927856445313 0.3578373670578003 0.044252967834472655 0.09225907325744628
0 0.37946888208389284 0.6068092823028565 0.0909844160079956 0.11682271957397461
0 0.4208838105201721 0.5598278999328613 0.06865308284759522 0.1226470947265625
0 0.6220237731933593 0.7278530120849609 0.06783323287963867 0.11608362197875977
0 0.12130526304244996 0.6097018241882324 0.0791205883026123 0.0944178581237793
0 0.719644832611084 0.9277539253234863 0.08432207107543946 0.12320976257324219
0 0.029681026935577393 0.25981409549713136 0.058882176876068115 0.08280701637268066
0 0.5787385463714599 0.895656681060791 0.10635557174682617 0.1388486862182617
0 0.9699479103088379 0.16773298978805543 0.03622703552246094 0.1121678113937378
0 0.055023869379862665 0.35218848077145903 0.08664895793697143 0.10853111569707218
0 0.6664078712463379 0.8237853050231934 0.08398733139038086 0.0993682861328125
0 0.07239868640899658 0.666024923324585 0.10829026699066162 0.1209859848022461
0 0.5449470043182373 0.9201395988464356 0.0887594223022461 0.1137014389038086
0 0.9832068425637704 0.1848603049914042 0.03173446302060728 0.10305394331614176
0 0.04609019073608283 0.21175015207764147 0.09200380271201856 0.10227547162049291
0 0.1008508508508509 0.34109109109109115 0.08758758758758757 0.10885885885885885
