0 0.8040998697280883 0.18870891332626344 0.04716105461120605 0.11224315166473389
0 0.8744063377380371 0.2661099910736084 0.04684181213378906 0.10787138938903809
0 0.8521025657653809 0.3649660229682922 0.04811878204345703 0.10534522533416749
0 0.47242406495698586 0.7651044204070404 0.09268940762356608 0.11919055858531877
0 0.831596801517246 0.9131434764232006 0.07760801744890639 0.10089022433077625
0 0.2509122371673584 0.4518465995788574 0.10199093818664551 0.11112070083618164
0 0.18950059413909912 0.5001889228820801 0.0962399959564209 0.10549449920654297
0 0.8432343482971192 0.2066622257232666 0.047763633728027347 0.10488848686218262
0 0.3197022438049316 0.2256709575653076 0.07532157897949218 0.09398412704467773
0 0.8010742929724005 0.9345412596567974 0.004050487846702961 0.05058715035607512
0 0.348272468115355 0.7729681859861265 0.10325486356908979 0.10596552992964897
0 0.0897655263543129 0.295059061050415 0.09263019263744354 0.12423739433288575
0 0.4214469604067378 0.5919818675553834 0.07202099410143946 0.09006028891325718
0 0.30124711990356445 0.7887096405029297 0.07373247146606446 0.09358024597167969
0 0.39319428205490115 0.6987095832824707 0.09610331058502197 0.12520275115966797
0 0.3729979979979981 0.7364864864864865 0.10135135135135137 0.09634634634634635
0 0.44682182182182184 0.6864364364364366 0.10385385385385393 0.12137137137137133
0 0.01726726726726729 0.2892517517517517 0.03453453453453458 0.0673923923923924
