0 0.2727421760559082 0.6206873893737793 0.09923062324523926 0.16828279495239257
0 0.5453114032745361 0.1673596739768982 0.0515106201171875 0.09806902408599853
0 0.8779797554016113 0.3763051271438599 0.041217041015625 0.10071606636047363
0 0.6976638793945312 0.3045495986938477 0.06242952346801758 0.11151247024536133
0 0.6466755390167236 0.2180546283721924 0.04213409423828125 0.110264253616333
0 0.16351542472839356 0.6207554340362549 0.11509814262390136 0.14777002334594727
0 0.8564048767089844 0.8189198732376098 0.06646137237548828 0.12705206871032715
0 0.6376832008361817 0.8055588722229003 0.09048595428466796 0.11151199340820313
0 0.04247159200447341 0.4074074074074074 0.08422598516022246 0.1263763763763764
0 0.8950823783874512 0.7677262544631958 0.07048969268798828 0.12710890769958497
0 0.9156188011169434 0.20997533798217774 0.047916603088378903 0.10136928558349609
0 0.6296801567077637 0.5067146301269532 0.10852794647216797 0.09959440231323242
0 0.5871739864349366 0.8496594667434693 0.08476533889770507 0.11271452903747559
0 0.24000401496887208 0.4917769432067871 0.06035165786743164 0.08184347152709961
0 0.6899570465087891 0.23418068885803223 0.04756317138671875 0.08221516609191895
0 0.13328661918640136 0.643036937713623 0.10843417644500733 0.13397464752197266
0 0.6366474628448486 0.9441206932067872 0.06036462783813477 0.10381393432617188
0 0.6015290260314942 0.9704952716827393 0.08771820068359375 0.059009456634521486
0 0.058308308308308354 0.37862862862862867 0.10260260260260262 0.12887887887887892
0 0.9097847847847848 0.1890640640640641 0.046296296296296294 0.10010010010010012
