0 0.5763038158416748 0.7584911346435547 0.0718353271484375 0.10512428283691407
0 0.5874188423156739 0.22596930861473083 0.05852851867675781 0.10884610414505005
0 0.8882924079895019 0.39221400022506714 0.04381980895996094 0.1003277063369751
0 0.3792832374572754 0.38987982273101807 0.09544868469238281 0.0956911563873291
0 0.6251757621765137 0.31481032371520995 0.054520797729492185 0.10797362327575684
0 0.6628680229187012 0.26582846641540525 0.04079151153564453 0.10125665664672852
0 0.5304724693298339 0.8161519050598145 0.08767404556274414 0.11081008911132813
0 0.6218741416931153 0.1513676881790161 0.03336830139160156 0.08730733394622803
0 0.7654036045074463 0.9595768928527832 0.07455968856811523 0.07933120727539063
0 0.8560434599657794 0.22959605542508452 0.06368885584421714 0.10662370496564683
0 0.2247247247247248 0.5824584553072283 0.11011011011011015 0.12863062432817024
0 0.7970347636454814 0.7664432189128063 0.08160614838471276 0.10871226365143818
0 0.10748322010040283 0.5733026981353759 0.10602080821990967 0.14346647262573242
0 0.18969099521636962 0.4606748580932617 0.0729179859161377 0.09209260940551758
0 0.032309503723551236 0.35984976084024695 0.06451012168202679 0.0963665443855721
0 0.0794014573097229 0.596796989440918 0.11822154521942138 0.11303434371948243
0 0.8146896896896897 0.7220970970970972 0.07382382382382388 0.11511511511511506
0 0.1934434434434435 0.5256506506506506 0.09009009009009014 0.1126126126126126
0 0.845970970970971 0.20595595595595598 0.05630630630630612 0.10635635635635636
