0 0.9092334747314453 0.3945764064788818 0.049688529968261716 0.09271469116210937
0 0.7042221069335938 0.1504889965057373 0.050126266479492185 0.0959470510482788
0 0.5676449298858642 0.314112114906311 0.059866905212402344 0.11242985725402832
0 0.6183620929718018 0.27632038593292235 0.052707767486572264 0.1117971420288086
0 0.5179242610931396 0.7392110824584961 0.08581113815307617 0.11610794067382812
0 0.7153346061706543 0.7262584686279296 0.05812911987304688 0.12224807739257812
0 0.5297960758209228 0.2329418659210205 0.05518465042114258 0.11447501182556152
0 0.15653447508811952 0.3013934850692749 0.09884616136550903 0.09616751670837402
0 0.17848882891155704 0.5508492077196445 0.1174968166513606 0.13228556854469525
0 0.14476659297943115 0.4431018352508545 0.0832448959350586 0.10837459564208984
0 0.4746731758117676 0.7803190231323243 0.07321109771728515 0.12052783966064454
0 0.7797579117126769 0.234127466385071 0.04824886322021484 0.11703014373779297
0 0.9658972740173339 0.21620519161224366 0.04701938629150391 0.09747200012207032
0 0.7399501323699951 0.6865061759948731 0.06348247528076172 0.12468891143798828
0 0.05480480480480483 0.5567689584898161 0.09959959959959963 0.12044606700435188
0 0.08896177113056183 0.52144455909729 0.11920117735862731 0.12601499557495116
0 0.8955322265625 0.9762595176696778 0.051718711853027344 0.04714679718017578
0 0.1277527527527528 0.506881881881882 0.09634634634634635 0.12262262262262269
0 0.01914414414414417 0.5866241241241242 0.03828828828828834 0.07324824824824837
0 0.012887887887887901 0.4276276276276276 0.025775775775775802 0.0534034034034034
0 0.774024024024024 0.20470470470470473 0.05505505505505497 0.09384384384384385
0 0.9797672672672674 0.17771521521521524 0.038613613613613616 0.11493993993993994
