0 0.4693918228149414 0.23650684356689453 0.07730255126953126 0.11492795944213867
0 0.9318838119506836 0.41024532318115237 0.047417640686035156 0.10361642837524414
0 0.7141577598449584 0.23959123430786664 0.06717997580557857 0.10415086471759999
0 0.5195367336273193 0.3100884437561035 0.06157264709472656 0.09772062301635742
0 0.5733904838562012 0.2922827243804932 0.05324535369873047 0.10639734268188476
0 0.45597662925720217 0.7058704376220704 0.08120098114013671 0.10035905838012696
0 0.7797372817993165 0.13636901676654817 0.03697290420532227 0.10293697714805602
0 0.9119462966918945 0.22201118469238282 0.044712257385253903 0.10438036918640137
0 0.428419291973114 0.7476495265960693 0.08979160785675049 0.1343012809753418
0 0.6504321579460626 0.7017099055442009 0.08702357199576256 0.1383719807033902
0 0.0390815794467926 0.4872443199157715 0.0781631588935852 0.10714559555053711
0 0.10684179067611695 0.35241844654083254 0.10371575355529786 0.10054316520690917
0 0.9641987800598144 0.20912488102912902 0.03045063018798828 0.09080933332443238
0 0.03869271278381348 0.5976147174835205 0.07719959020614624 0.11571292877197266
0 0.10939083610986687 0.519787888078241 0.11555266211460068 0.1368506502699447
0 0.09334999322891235 0.41412116289138795 0.10034112930297852 0.09673974514007569
0 0.9379701614379883 0.17875311374664307 0.03148441314697266 0.07836437225341797
0 0.708958958958959 0.21283783783783786 0.06006006006005998 0.1101101101101101
0 0.6726726726726726 0.6501501501501503 0.07257257257257253 0.12637637637637644
0 0.07832832832832837 0.4643393393393394 0.09259259259259259 0.11761761761761773
0 0.031656656656656686 0.6337837837837837 0.06331331331331337 0.0990490490490491
