0 0.2099782943725586 0.3522979736328125 0.09793944358825683 0.10258998870849609
0 0.9435917854309082 0.419102680683136 0.04662017822265625 0.09393174648284912
0 0.8602595329284668 0.23716683983802794 0.051830482482910153 0.11027849912643432
0 0.638433977266451 0.23506141951134255 0.053462375797428234 0.11571299681315075
0 0.5360573768615723 0.3136192798614502 0.05813732147216797 0.10224847793579102
0 0.05242404527253694 0.49310949600494663 0.10484809054507388 0.12325602904693021
0 0.5838301130004592 0.6579935724670823 0.08509252675183432 0.12570454675752724
0 0.05254436582326889 0.38211904764175414 0.08887210190296173 0.11516349315643311
0 0.3773375988006592 0.7164311408996582 0.09950447082519531 0.12145156860351562
0 0.41153707504272463 0.6810455322265625 0.09176273345947265 0.12113418579101562
0 0.10503384172916412 0.6286456108093261 0.10504915118217469 0.12337226867675781
0 0.910855484008789 0.214005309343338 0.04114971160888672 0.11061700582504272
0 0.4568656921386719 0.30414652824401855 0.05758399963378906 0.10318899154663086
0 0.4408668398857117 0.28164794445037844 0.0861318826675415 0.15488777160644532
0 0.4207448482513428 0.2525684595108032 0.07521438598632812 0.13124866485595704
0 0.8889711380004883 0.17702750563621522 0.03398151397705078 0.08155094385147095
0 0.8330500602722168 0.11518573760986328 0.03251361846923828 0.0884282112121582
0 0.07115902215749535 0.6551137363827145 0.10828401028095655 0.116283528821485
0 0.9888238430023193 0.20761778950691223 0.022352313995361327 0.06677168607711792
0 0.6370120120120121 0.2140890890890891 0.0487987987987988 0.10760760760760758
0 0.5994744744744746 0.6157407407407407 0.07382382382382367 0.11761761761761758
0 0.01914414414414417 0.5917042042042043 0.03828828828828834 0.10563063063063069
