0 0.47968368530273436 0.31644577980041505 0.06983623504638672 0.10482406616210938
0 0.28513531684875487 0.37748942375183103 0.06478157043457031 0.1066889762878418
0 0.8096149682998657 0.2440467119216919 0.05044302940368652 0.11087579727172851
0 0.32972581386566163 0.6904474258422851 0.08213410377502442 0.11155195236206054
0 0.3565112829208374 0.6506421089172363 0.08557062149047852 0.12772083282470703
0 0.5126119613647461 0.6154843807220459 0.06500759124755859 0.12571048736572266
0 0.38878670930862425 0.29434642791748045 0.07821214199066162 0.09831395149230956
0 0.9703935623168946 0.42893611192703246 0.04676055908203125 0.09920604228973388
0 0.1546217679977417 0.6624615669250489 0.095574951171875 0.11837587356567383
0 0.3558671951293945 0.2480417013168335 0.054338598251342775 0.10200986862182618
0 0.5675148643650212 0.23711938386684187 0.059954653654967126 0.10909456559964965
0 0.8566453933715821 0.21776351928710938 0.044780731201171875 0.10341534614562989
0 0.10932553708553314 0.6805894374847412 0.06885164380073547 0.10088720321655273
0 0.5400476455688477 0.5930737495422364 0.07034444808959961 0.12808599472045898
0 0.8379840850830078 0.1860419750213623 0.035803794860839844 0.08521723747253418
0 0.98491530418396 0.23761205673217772 0.03016939163208008 0.100502347946167
0 0.04667167167167168 0.6273773773773774 0.09334334334334336 0.13438438438438446
0 0.02852852852852855 0.36754254254254254 0.0570570570570571 0.11101101101101105
0 0.5844594594594595 0.21721721721721723 0.07132132132132138 0.11136136136136135
0 0.9617117117117118 0.20032532532532535 0.032532532532532604 0.12262262262262263
0 0.9847722722722724 0.20495495495495497 0.028603603603603586 0.09934934934934934
0 0.989864864864865 0.16841841841841845 0.01626626626626641 0.12137137137137136
