0 0.3865469336509705 0.3955812335014343 0.0734147310256958 0.10698626041412354
0 0.3145100056468785 0.2893894602705886 0.07696795924170471 0.11806820983046641
0 0.3993412733078003 0.316751766204834 0.06752600669860839 0.11083416938781739
0 0.29256424903869627 0.6547492027282715 0.09230575561523438 0.14760513305664064
0 0.4464845657348633 0.5823816776275634 0.07811174392700196 0.14512853622436522
0 0.7527315139770507 0.24992289543151855 0.04321613311767578 0.11278424263000489
0 0.20753929615020753 0.6946547031402588 0.09737238883972169 0.10294961929321289
0 0.4962607025980831 0.2274522007406653 0.07260148527624603 0.10430380088072995
0 0.09030332070392175 0.6546830146281689 0.10618014537894335 0.11981314992284166
0 0.9769640922546386 0.4317927360534668 0.04514884948730469 0.0959275245666504
0 0.3099797487258911 0.6169888973236084 0.08287129402160645 0.1123617172241211
0 0.17992422580718995 0.7135537624359131 0.09782743453979492 0.11762275695800781
0 0.9339011152704677 0.25058348862616503 0.04310868036997556 0.10468887860352576
0 0.47934999465942385 0.5524445056915284 0.06566915512084961 0.14004869461059571
0 0.9653127633057557 0.2000263296090089 0.037079811096191406 0.1068652868270874
0 0.7995142698287964 0.2170755922794342 0.03827519416809082 0.09944690465927124
0 0.9063282966613769 0.20909202694892884 0.032838058471679685 0.09334505796432495
0 0.7866940498352051 0.20399160385131837 0.03925323486328125 0.10052275657653809
0 0.31418918918918926 0.2503753753753754 0.08633633633633632 0.11511511511511514
0 0.5125125125125125 0.2022022022022022 0.07007007007007023 0.10135135135135134
0 0.9404404404404404 0.23223223223223224 0.03503503503503511 0.11636636636636634
0 0.9517017017017018 0.1778028028028028 0.032532532532532604 0.10760760760760761
