0 0.3553938388824463 0.3302187204360962 0.0834005355834961 0.10937256813049316
0 0.48148431777954104 0.40498257875442506 0.06441478729248047 0.10777318477630615
0 0.2627903628516365 0.6188345192192314 0.0865313864088393 0.1087901595595839
0 0.4261741660378717 0.22722722722722724 0.06506908534167416 0.10635635635635636
0 0.24613131017417642 0.2819064450574232 0.06979944171370933 0.10560468190663806
0 0.1423644781112671 0.668879508972168 0.08401458263397217 0.10926246643066406
0 0.7028805255889893 0.24827821254730226 0.05603771209716797 0.10965032577514648
0 0.39584763050079347 0.5278024673461914 0.0872230052947998 0.13381824493408204
0 0.28112938404083254 0.7191925525665284 0.09726486206054688 0.11657323837280273
0 0.9564435958862305 0.3178863525390625 0.039501190185546875 0.10381278991699219
0 0.24540553092956544 0.7523821115493774 0.10151157379150391 0.13847575187683106
0 0.9775142669677734 0.4304127335548401 0.044667816162109374 0.09666993618011474
0 0.8508510589599609 0.20450265407562257 0.039653968811035153 0.10926051139831543
0 0.7481748580932617 0.2208467483520508 0.041860198974609374 0.09966998100280762
0 0.8860730439454347 0.2673478029810034 0.03727989196777344 0.11392730474472046
0 0.9470393180847168 0.025448888540267944 0.028060150146484376 0.05089777708053589
0 0.41634464263916016 0.5041383266448974 0.07420654296875 0.10570497512817383
0 0.9018733024597168 0.1876970648765564 0.048154258728027345 0.09264514446258545
0 0.7395889282226562 0.19754772186279296 0.042942237854003903 0.09371395111083984
0 0.28603603603603606 0.5882132132132134 0.10010010010010001 0.12512512512512508
0 0.2622622622622623 0.2553803803803804 0.07507507507507503 0.11761761761761759
0 0.45370370370370383 0.21158658658658658 0.07507507507507509 0.1101101101101101
0 0.8803803803803804 0.22910410410410412 0.04504504504504515 0.10010010010010012
0 0.9110360360360361 0.16841841841841843 0.04129129129129128 0.09134134134134134
