0 0.6954431533813477 0.415559196472168 0.07650222778320312 0.1177678108215332
0 0.9168313980102539 0.19625431895256043 0.05646209716796875 0.08952566385269164
0 0.1368445038795471 0.30612382888793943 0.08917481899261474 0.11234655380249023
0 0.17800626754760743 0.2637829303741455 0.08731245994567871 0.11477789878845215
0 0.5936225891113281 0.24510548114776612 0.04588642120361328 0.11112456321716309
0 0.273410964012146 0.46289830207824706 0.07808232307434082 0.12478752136230468
0 0.31625046730041506 0.6860914707183838 0.07167267799377441 0.09686765670776368
0 0.9790732383728027 0.4306180953979492 0.04185352325439453 0.09819488525390625
0 0.3712269067764282 0.8112130403518677 0.07914729118347168 0.11117453575134277
0 0.7759792327880859 0.337001371383667 0.04158773422241211 0.11357417106628417
0 0.297073529860233 0.2279202279202279 0.05257658700318083 0.11823361823361825
0 0.4127599835395813 0.7705572843551636 0.10709397792816162 0.09762444496154785
0 0.20815088748931884 0.5404431343078613 0.09090967178344726 0.11582832336425782
0 0.6469189643859863 0.22876084446907044 0.05782737731933594 0.116488778591156
0 0.18402464389801027 0.5650810241699219 0.10875916481018066 0.13383216857910157
0 0.31182982921600344 0.43395242691040037 0.08121943473815918 0.13621988296508789
0 0.7701018810272217 0.25759596824645997 0.03786487579345703 0.0755197525024414
0 0.7783317505539729 0.16445543221108105 0.03640392529281413 0.08182037964241534
0 0.00886656492948532 0.5814340591430665 0.01773312985897064 0.08818244934082031
0 0.2778130531311035 0.34955945014953616 0.0667963981628418 0.09860806465148926
0 0.3176638176638177 0.20940170940170943 0.07692307692307694 0.09544159544159549
0 0.6410256410256411 0.20584045584045585 0.054131054131054124 0.09971509971509976
0 0.7686372269705603 0.1762820512820513 0.03442545109211776 0.08665716999050332
0 0.762701804368471 0.19309908198797088 0.0328426717315606 0.05223171889838559
0 0.7585470085470086 0.23959322570433683 0.04748338081671414 0.10327635327635329
