0 0.5849595546722413 0.34035327434539797 0.07006731033325195 0.11090054512023925
0 0.5046592712402344 0.7242105007171631 0.08694143295288086 0.11024465560913085
0 0.4904585361480713 0.2555986404418945 0.058672332763671876 0.11245155334472656
0 0.5497651100158691 0.8367206573486328 0.06319427490234375 0.11071224212646484
0 0.5171023368835449 0.8950985908508301 0.10110445022583008 0.11520061492919922
0 0.8692766189575195 0.334632134437561 0.04957313537597656 0.10850605964660645
0 0.80201416015625 0.1967650830745697 0.05145339965820313 0.08969570398330688
0 0.16413149237632751 0.4119208335876465 0.09062587022781372 0.11914854049682617
0 0.9805472373962403 0.4294505000114441 0.03890552520751953 0.09816620349884034
0 0.14253281677241647 0.5006937689992376 0.08693043540963481 0.11560665221758931
0 0.23637499809265136 0.36158888339996337 0.09612951278686524 0.11938042640686035
0 0.5457939147949219 0.22640543580055236 0.043226432800292966 0.09944661855697631
0 0.1529179334640503 0.3144375324249268 0.08500046730041504 0.10860300064086914
0 0.6670780633095477 0.2266252266252266 0.051495259032290304 0.09583009583009588
0 0.6497668997668997 0.27939652939652937 0.05892255892255891 0.09906759906759906
0 0.13649126417554744 0.5809062352300277 0.08520734057590709 0.10379641244399733
0 0.15993772745132445 0.632470703125 0.10590560436248779 0.10850582122802735
0 0.16581386923789979 0.222389554977417 0.0712321400642395 0.10405511856079101
0 0.19244703650474548 0.2120607614517212 0.08592945337295532 0.10745916366577149
0 0.6565295934738875 0.14805449009775282 0.03633216244357455 0.07555639146986605
0 0.20692090988159179 0.39158565998077394 0.07853636741638184 0.11205248832702637
0 0.1334239959716797 0.26445670127868653 0.0787121295928955 0.08614120483398438
0 0.11298886298886299 0.5235042735042735 0.08741258741258741 0.12108262108262113
0 0.5396917896917898 0.21043771043771045 0.04856254856254854 0.09842009842009843
0 0.6542994042994044 0.157018907018907 0.04597254597254598 0.0705775705775706
0 0.6555944055944056 0.17903392903392903 0.05244755244755239 0.08093758093758094
0 0.6526806526806528 0.25284900284900286 0.06863506863506864 0.09777259777259775
