0 0.9454911231994629 0.29714269638061525 0.06031494140625 0.1154165267944336
0 0.4879467487335205 0.3360891580581665 0.0642134666442871 0.11131305694580078
0 0.7386191844940185 0.19763774871826173 0.039286327362060544 0.09404025077819825
0 0.42719483375549316 0.2591158628463745 0.04978256225585938 0.11152420043945313
0 0.9799646854400634 0.42888917922973635 0.040070629119873045 0.0984771728515625
0 0.1727383975274211 0.31689016602809705 0.0749148609689978 0.10696040868454662
0 0.5770056247711182 0.28806333541870116 0.06068239212036133 0.10528712272644043
0 0.633643102645874 0.8776200294494629 0.08605661392211914 0.09788093566894532
0 0.56401686668396 0.9446436882019043 0.05817890167236328 0.10268497467041016
0 0.10427929612136634 0.4783451033453656 0.10055821687407644 0.11738386738334283
0 0.24923419952392578 0.5951210498809815 0.08429541587829589 0.11153678894042969
0 0.10497949421405792 0.394825804233551 0.1009999692440033 0.1167790174484253
0 0.09344300041850814 0.2847126116440167 0.08004839399940948 0.1021887560515662
0 0.1163100004196167 0.20028974413871764 0.0718238115310669 0.09634171724319458
0 0.48971095085144045 0.23359414935112 0.052276229858398436 0.08687025308609009
0 0.2535602807998657 0.6719229221343994 0.09321279525756836 0.11521120071411133
0 0.5934438705444336 0.21957740783691407 0.049599838256835935 0.09617323875427246
0 0.47929749488830564 0.18799695372581482 0.044564247131347656 0.04982520341873169
0 0.5805577200626642 0.7634695989114267 0.07936809896932226 0.12120895032529488
0 0.5837568759918212 0.15824447870254515 0.04390525817871094 0.07584624290466309
0 0.07905982905982903 0.5135327635327634 0.0997150997150997 0.1153846153846154
0 0.09259259259259257 0.2143874643874644 0.07549857549857548 0.10398860398860398
0 0.17933163048105577 0.35813111962537253 0.1011068539804172 0.11174968071519795
0 0.14421030225627926 0.37037037037037035 0.10110685398041719 0.11281396338867604
