0 0.3686288595199585 0.6226328849792481 0.07759699821472169 0.1141554832458496
0 0.1493419289588928 0.315433931350708 0.08774807453155517 0.11647987365722656
0 0.6804303646087646 0.1984954595565796 0.05166158676147461 0.08885016441345214
0 0.6932862281799317 0.9219786643981933 0.05987548828125 0.10699234008789063
0 0.639227294921875 0.9658885955810547 0.05766429901123047 0.06608791351318359
0 0.6347030639648438 0.7954457521438598 0.0643402099609375 0.10537943840026856
0 0.5066453456878662 0.2965308904647827 0.04509601593017578 0.10488657951354981
0 0.9801301002502442 0.42930145263671876 0.03951282501220703 0.10073928833007813
0 0.04884812196374905 0.48404670295536695 0.09344892422916436 0.11709298019766455
0 0.3128724336624146 0.7251612186431885 0.07607312202453613 0.10748023986816406
0 0.0662052300583814 0.3505543192032283 0.08214892685641732 0.11583474175531439
0 0.36264634132385254 0.24219088554382323 0.04872074127197266 0.08315916061401367
0 0.38728107213974 0.32357516288757326 0.05593740940093994 0.10374808311462402
0 0.5436578273773194 0.2464679956436157 0.05367412567138672 0.11445736885070801
0 0.05526630317102014 0.26831168632439645 0.06334186693363057 0.06528392386928203
0 0.4335923194885254 0.23634628653526307 0.05112743377685547 0.08171206712722778
0 0.5217160969706178 0.19376023434841563 0.04289665222167969 0.09533429145812977
0 0.5398573861217538 0.2652724563644104 0.062260536398467375 0.10696040868454659
0 0.03371771574020386 0.3767639994621277 0.06743543148040772 0.1207124948501587
0 0.4320987654320988 0.21312260536398467 0.06066411238825032 0.09525329927628777
0 0.5351843163830027 0.1746172926386391 0.06190649950912665 0.0854401786257287
0 0.06104252400548701 0.18850022862368543 0.08573388203017832 0.09830818472793781
0 0.03818015546410612 0.2187928669410151 0.07430269775948788 0.08573388203017832
0 0.5224867724867724 0.13718820861678005 0.02985638699924409 0.034013605442176874
0 0.10800620980261695 0.3480816145486804 0.10201818585052116 0.11310711909514305
0 0.08014048531289913 0.46008939974457214 0.09897828863346105 0.10110685398041726
