0 0.475157356262207 0.6755856990814209 0.09075345993041992 0.1138498306274414
0 0.3834165453910828 0.7842571258544921 0.08317444324493409 0.10544376373291016
0 0.6150677680969239 0.20022001266479492 0.05119457244873047 0.09532704353332519
0 0.12544831931591033 0.31954159736633303 0.0945158064365387 0.10614423751831055
0 0.6907125473022461 0.8538067102432251 0.08540534973144531 0.11211047172546387
0 0.04700854700854701 0.4475141110583248 0.09401709401709402 0.11209428500585746
0 0.3227585554122925 0.26497979164123536 0.06797986030578614 0.11773447990417481
0 0.44561018943786623 0.296138334274292 0.06833486557006836 0.11192836761474609
0 0.7608169078826904 0.9528929710388183 0.07487125396728515 0.09336585998535156
0 0.30156984329223635 0.3306241750717163 0.07527728080749511 0.10941920280456544
0 0.05128205128205128 0.33368945868945865 0.09829059829059829 0.11182336182336183
0 0.48438692655689947 0.2672996273127526 0.08246535602014704 0.10867559917566447
0 0.9797708511352539 0.4285470962524414 0.039603042602539065 0.09891033172607422
0 0.3806167483329773 0.24214274883270265 0.06543619632720947 0.10653371810913086
0 0.015607523918151855 0.2036498785018921 0.03121504783630371 0.0642763614654541
0 0.030626780626780623 0.4811253561253562 0.0584045584045584 0.11467236467236469
0 0.03383190883190883 0.3554131054131054 0.06481481481481481 0.103988603988604
0 0.37930474333983105 0.21889213775178687 0.06010396361273551 0.10152696556205328
0 0.4580896686159844 0.19458368142578666 0.045948203842940696 0.08980785296574767
0 0.5002088554720133 0.24122807017543857 0.07170704539125594 0.09816207184628235
0 0.46888053467000834 0.1730019493177388 0.052213868003341685 0.07866889445836812
0 0.4754942912837649 0.16499582289055972 0.05151768309663048 0.07797270955165693
