0 0.5672061920166016 0.7419286251068116 0.09894647598266601 0.11769113540649415
0 0.5541147708892822 0.20064189434051513 0.05254793167114258 0.09156990051269531
0 0.46689610481262206 0.8413844108581543 0.09691743850708008 0.10011501312255859
0 0.2121814966201782 0.32912089824676516 0.08423876762390137 0.11520028114318848
0 0.955953311920166 0.9489857673645019 0.08329353332519532 0.1020284652709961
0 0.0848476380109787 0.31337867003900033 0.10437879805211668 0.10657599325533267
0 0.7338491916656494 0.9230535507202149 0.07006731033325195 0.14602394104003907
0 0.28333848495567215 0.258918278799518 0.06918795547317726 0.1192175996580441
0 0.39529191255569457 0.3068267583847046 0.0782315969467163 0.10014853477478028
0 0.9394693374633789 0.8701347351074219 0.05900249481201172 0.12066287994384765
0 0.3884180790960452 0.1992063614683039 0.05335844318895163 0.08297016173133474
0 0.9795487403869629 0.42885689735412597 0.040094184875488284 0.09932270050048828
0 0.32886390662088527 0.2158305683303612 0.06119861602783203 0.09013190269470205
0 0.4103892027620841 0.18047708725674827 0.06748273697426241 0.07532956685499059
0 0.4150973006905211 0.1730225988700565 0.06591337099811678 0.08553044569993723
0 0.43589139987445075 0.24560577526679225 0.05571249215317011 0.0973006905210295
0 0.41431261770244826 0.27228499686126806 0.06591337099811673 0.11142498430634025
0 0.3327055869428751 0.2471751412429379 0.07219083490269927 0.10828625235404898
0 0.04814814814814815 0.2439814814814815 0.05740740740740741 0.05462962962962963
0 0.046296296296296294 0.25925925925925924 0.05 0.053703703703703705
0 0.8423772609819121 0.9737295434969855 0.06890611541774323 0.034453057708871616
