0 0.8886832237243653 0.6434783458709716 0.06808147430419922 0.10515823364257812
0 0.2238305514483624 0.34234213517743883 0.06804447609999342 0.10176673761511765
0 0.959398252943642 0.8449428823938397 0.05983597274519428 0.15911708421516962
0 0.9628595603497281 0.6273827783062926 0.06674476172509687 0.12371142555845427
0 0.5570470333099365 0.597893238067627 0.09294633865356446 0.12062368392944336
0 0.5309596538543702 0.6458662986755371 0.0822026252746582 0.12808351516723632
0 0.9372793197631836 0.9100032806396484 0.057239341735839847 0.11023330688476562
0 0.9843221187591553 0.7513703346252442 0.031355762481689455 0.09132308959960937
0 0.129487414014658 0.3452864124637448 0.07506174018446737 0.10688787415393126
0 0.9799745559692383 0.4289702415466309 0.04005088806152344 0.09557981491088867
0 0.30100038051605227 0.2150897741317749 0.05300402641296387 0.09294781684875489
0 0.26055662631988524 0.25634491443634033 0.08152637481689454 0.11539463996887207
0 0.9793447293447293 0.5819088319088319 0.031339031339031306 0.09544159544159546
0 0.09317862165963431 0.23030942334739804 0.07383966244725737 0.0996249413970933
0 0.09024847632442569 0.2865682137834037 0.055086732301922174 0.08321612751992494
0 0.15148851383028597 0.31235349273323954 0.07559774964838255 0.10548523206751052
0 0.22562119081106422 0.32553914674167833 0.05391467416783874 0.0978668541959681
0 0.21477965307079233 0.27338255977496484 0.08849038912330053 0.10489920300046877
0 0.2185888420065635 0.29213548992030003 0.06915142991092356 0.10021097046413506
0 0.20774730426629162 0.18313408345053914 0.06036099390529773 0.0744256915142991
0 0.198370839193624 0.1974917955930614 0.07325363338021568 0.08321612751992499
0 0.13390764181903422 0.21829582747304266 0.07090951711204875 0.10607126113455226
0 0.1778598218471636 0.20569620253164556 0.0650492264416315 0.07266760431317391
0 0.16233005157055788 0.22943037974683544 0.05860290670417251 0.08145804031879977
