0 0.288458251953125 0.3441317558288574 0.08632984161376953 0.12210407257080078
0 0.20804686546325685 0.3614154100418091 0.08624958992004395 0.13581624031066894
0 0.45343689918518065 0.5518762588500976 0.08300838470458985 0.11000728607177734
0 0.04672005551832693 0.23884457426343902 0.09174507414853131 0.11786730136325871
0 0.901363754272461 0.7199429035186767 0.06834125518798828 0.1101292610168457
0 0.8221150398254394 0.607763147354126 0.05510768890380859 0.11019716262817383
0 0.8884064674377441 0.5951918125152588 0.074139404296875 0.12219505310058594
0 0.432891321182251 0.595854663848877 0.08144397735595703 0.12420406341552734
0 0.9795900821685791 0.42969933748245237 0.040819835662841794 0.09871070384979248
0 0.8629948617386344 0.8652666927402854 0.08353958102712596 0.12369577864296423
0 0.1485918126249336 0.32727308205131966 0.05914466381072998 0.11347813606262207
0 0.9147622108459472 0.5532791614532471 0.047934341430664065 0.12124004364013671
0 0.09719970226287841 0.2326249361038208 0.05589003562927246 0.08147134780883789
0 0.8675213675213675 0.8062678062678063 0.06410256410256415 0.14529914529914528
0 0.076769807782466 0.21770979840600094 0.07266760431317394 0.10021097046413498
0 0.1388888888888889 0.21419362400375055 0.07032348804500703 0.10021097046413503
0 0.20335208626347867 0.24671823722456632 0.07383966244725738 0.0996249413970933
0 0.1734646038443507 0.27543366150961085 0.10900140646976089 0.106657290201594
0 0.24994139709329583 0.19954289732770744 0.07442569151429913 0.09083450539146742
0 0.15324660103141113 0.1966127519924988 0.07090951711204876 0.09083450539146741
0 0.16408813877168307 0.18225503984997654 0.050398499765588356 0.06915142991092359
0 0.1544186591654946 0.2947726207219878 0.053328645100797 0.09610876699484297
