0 0.2183450222015381 0.34611968994140624 0.07258028984069824 0.10762629508972169
0 0.30506646633148193 0.39170936346054075 0.08050689697265626 0.11184303760528565
0 0.7594944953918457 0.5883504390716553 0.05971965789794922 0.11056127548217773
0 0.9794452667236329 0.42991946935653685 0.040902137756347656 0.09903080463409424
0 0.7795117053550872 0.8119288125269094 0.10460745629422008 0.09964110083729452
0 0.3324432079608624 0.5466805524635857 0.06588281484750604 0.11330412487019167
0 0.8089692115783691 0.5567066669464111 0.0575347900390625 0.11461639404296875
0 0.8421364784240722 0.5267035484313964 0.051584815979003905 0.14154129028320311
0 0.35370545387268065 0.36109997034072877 0.05863509178161621 0.08414485454559326
0 0.8058466911315918 0.7048206806182862 0.07418785095214844 0.13811225891113282
0 0.15371680811973615 0.2451706370092084 0.07830618372220927 0.10427724388658999
0 0.10780569314956664 0.27949669361114504 0.08156764507293701 0.1319868564605713
0 0.20114291752200417 0.1971608412467827 0.06958024810113325 0.09771151300204
0 0.26986467838287354 0.35662134885787966 0.03745279312133789 0.08883879184722901
0 0.049065490466427365 0.24839607714035158 0.0714517593383789 0.0969088196754449
0 0.7948717948717948 0.7578347578347577 0.0754985754985754 0.09401709401709403
0 0.35327635327635326 0.5085470085470086 0.06980056980056988 0.09971509971509976
0 0.032172002510985565 0.2236346516007533 0.06120527306967986 0.10514752040175768
0 0.08396107972379159 0.20480225988700568 0.06748273697426241 0.08317639673571878
0 0.09808537350910232 0.19538606403013184 0.05963590709353422 0.0941619585687382
0 0.11652542372881357 0.2695386064030132 0.06983678593848086 0.1059322033898305
0 0.1267263025737602 0.1847928436911488 0.06355932203389832 0.08553044569993723
0 0.3417294413057125 0.337413684871312 0.06355932203389829 0.10043942247332083
