0 0.6902709484100342 0.565523099899292 0.06359453201293945 0.1109044075012207
0 0.3087639808654785 0.36340261697769166 0.05451011657714844 0.1092411756515503
0 0.7486088275909424 0.5277541160583497 0.07435646057128906 0.12028560638427735
0 0.6883848190307618 0.7741933584213256 0.06564741134643555 0.10997452735900878
0 0.4288341999053955 0.38678970336914065 0.06867408752441406 0.116650390625
0 0.2511260839269372 0.5009155854200705 0.07751991191820543 0.10439527340424369
0 0.15769286155700685 0.20569422245025634 0.06662511825561523 0.092982816696167
0 0.9789567947387695 0.4294233798980713 0.04133739471435547 0.0999070167541504
0 0.3858803629875183 0.3751575112342834 0.04713308811187744 0.10302379131317138
0 0.07101195493719134 0.2679549049503972 0.10176418201497502 0.10403393130876955
0 0.7155204296112061 0.7277733325958252 0.06241111755371094 0.13206949234008789
0 0.7164719104766846 0.6752059936523438 0.07227153778076172 0.12514305114746094
0 0.40615525245666506 0.3124781608581543 0.04009370803833008 0.07039804458618164
0 0.7638516426086426 0.49779386520385743 0.06173076629638672 0.12170171737670898
0 0.04690011739730835 0.30762879848480223 0.0922959566116333 0.09798750877380372
0 0.2813390313390313 0.4707977207977208 0.07692307692307694 0.11823361823361822
0 0.42545710267229253 0.34018987341772144 0.05977496483825594 0.0814580403187998
0 0.1019690576652602 0.24408110642287856 0.08907641819034223 0.1072433192686357
0 0.0799929676511955 0.18313408345053914 0.0744256915142991 0.08966244725738398
0 0.0486404125644632 0.19368260665729017 0.08673230192217535 0.09200656352555085
