0 0.44803647994995116 0.3813164472579956 0.0626835823059082 0.11529049873352051
0 0.8699118614196777 0.17624017000198364 0.044464492797851564 0.08832528591156005
0 0.5452525615692139 0.382528817653656 0.049383926391601565 0.10407497882843017
0 0.18373195547663584 0.45753993111797886 0.07840503491567409 0.10311405027014578
0 0.04453820909517112 0.24589318284337863 0.07735583684950774 0.10479122456171902
0 0.626488733291626 0.5406617641448974 0.07205171585083008 0.10447559356689454
0 0.9796212196350098 0.42851991653442384 0.04075756072998047 0.09832582473754883
0 0.6449306964874267 0.6362168312072753 0.07804794311523437 0.11426734924316406
0 0.508671760559082 0.35956703424453734 0.043532180786132815 0.10267159938812256
0 0.6895350933074951 0.502621078491211 0.07866125106811524 0.13460311889648438
0 0.6373116493225097 0.7036001205444335 0.08216161727905273 0.12858715057373046
0 0.5995513916015625 0.7402047634124755 0.10820236206054687 0.14150400161743165
0 0.10061464191209638 0.19945457592515725 0.08285141228176426 0.10120638579311811
0 0.48543539047241213 0.3487693786621094 0.054644775390625 0.11279735565185547
0 0.7043460845947266 0.47087702751159666 0.07261095046997071 0.10903244018554688
0 0.47061495780944823 0.31388823986053466 0.03393898010253906 0.08107738494873047
0 0.20655270655270658 0.43162393162393164 0.08689458689458689 0.0997150997150997
0 0.03721284575714955 0.2763127051101734 0.0720815752461322 0.09669479606188465
0 0.02549226441631505 0.17492967651195496 0.045124238162212844 0.07325363338021565
