0 0.1022655725479126 0.4138991475105286 0.11057875156402588 0.1380004644393921
0 0.8015890121459961 0.17836055159568787 0.03691673278808594 0.08438659906387329
0 0.6136190893948498 0.47797220708951677 0.06788605937251338 0.10828437156873968
0 0.5306924125704472 0.7219640088427866 0.09209274825388097 0.11012586109860649
0 0.021066181361675262 0.2579162359237671 0.042132362723350525 0.06836967468261719
0 0.04637041687965393 0.19408079385757446 0.07430263757705688 0.08564794063568115
0 0.574351453781128 0.6019820690155029 0.06882333755493164 0.11282110214233398
0 0.5563700675964356 0.5118076801300049 0.05583410263061524 0.1028773307800293
0 0.977931022644043 0.1695789575576782 0.043096923828125 0.10241546630859374
0 0.5476826667785645 0.343333101272583 0.0415532112121582 0.09639644622802734
0 0.979673957824707 0.42827205657958983 0.040512466430664064 0.09898891448974609
0 0.6057003974914551 0.38757920265197754 0.061457061767578126 0.11277837753295898
0 0.654215955734253 0.37105616331100466 0.047183895111083986 0.12028629779815674
0 0.6307475566864014 0.3514671325683594 0.04976043701171875 0.13490514755249022
0 0.5291842475386779 0.31792076887013593 0.043366150961087736 0.09669479606188468
0 0.5461790904828879 0.6692451945616502 0.06915142991092359 0.11134552273792779
0 0.6211908110642288 0.44772620721987816 0.04805438349742143 0.11134552273792785
