0 0.40992709398269656 0.47098360061645506 0.06639115810394287 0.10713405609130859
0 0.8926406860351562 0.5632473468780518 0.06194286346435547 0.11054515838623047
0 0.8422577857971192 0.17955141067504882 0.060325241088867186 0.08787121772766113
0 0.6634801864624024 0.18254806995391845 0.05133752822875977 0.08821821212768555
0 0.8296509742736816 0.289066481590271 0.04354019165039062 0.10584368705749511
0 0.8883460998535156 0.3542074799537659 0.046874046325683594 0.1251821279525757
0 0.9785367965698242 0.4246414303779602 0.042920684814453124 0.0984175443649292
0 0.4589503765106201 0.42616976499557496 0.06974172592163086 0.12289230823516846
0 0.8663126945495605 0.32890872955322265 0.04263916015625 0.1076685905456543
0 0.4117278099060059 0.5807832717895508 0.08670263290405274 0.12839136123657227
0 0.4840237617492676 0.40541958808898926 0.07872571945190429 0.11434850692749024
0 0.664711856842041 0.32170925140380857 0.04275064468383789 0.0953218936920166
0 0.39565006190709767 0.6220045163019492 0.08412075160668014 0.11056232196745618
0 0.38254433974365104 0.6805462032116562 0.09867718427856179 0.1268640815331757
0 0.6485895633697509 0.2884714603424072 0.027356433868408202 0.06798176765441895
