0 0.8056258201599121 0.5321632862091065 0.05938167572021484 0.11564874649047852
0 0.7722295761108399 0.18046830892562865 0.04180059432983398 0.09771482944488526
0 0.5876466751098632 0.18853215575218202 0.04735212326049805 0.09344645738601684
0 0.34883365631103513 0.4427303671836853 0.08847379684448242 0.10015556812286378
0 0.4277437686920166 0.37190033197402955 0.06645088195800782 0.10787208080291748
0 0.923764705657959 0.26055340766906737 0.03995037078857422 0.1012923240661621
0 0.7391183853149415 0.7846746206283569 0.12069234848022461 0.1010887622833252
0 0.9779328823089599 0.4244388580322266 0.04413423538208008 0.09881343841552734
0 0.30550107955932615 0.6460648059844971 0.09764752388000489 0.12265081405639648
0 0.7322525978088379 0.32432215213775634 0.05386810302734375 0.10097918510437012
0 0.4062679290771484 0.3906029939651489 0.08998994827270508 0.12882885932922364
0 0.3440606117248535 0.5527097225189209 0.10626392364501953 0.11290054321289063
0 0.9623960494995117 0.2832898378372192 0.045972442626953124 0.10905442237854004
0 0.33428730964660647 0.611794376373291 0.09755997657775879 0.12416725158691407
0 0.9840597152709961 0.31546754837036134 0.03188056945800781 0.11117043495178222
0 0.7066793441772461 0.30958845615386965 0.031027603149414062 0.10299921035766602
