0 0.7237462520599365 0.49859371185302737 0.06401433944702148 0.11389713287353516
0 0.7062456130981445 0.18279560208320617 0.058904838562011716 0.09304655790328979
0 0.2737400531768799 0.4174589991569519 0.07761936187744141 0.11059048175811767
0 0.5133005619049072 0.19143791794776915 0.044841670989990236 0.08881720304489135
0 0.562843656539917 0.6830184459686279 0.11274480819702148 0.11493358612060547
0 0.33893380165100095 0.37599825859069824 0.09594717025756835 0.11327266693115234
0 0.3716559767723083 0.3503824234008789 0.07188475131988525 0.12984161376953124
0 0.976955509185791 0.42668819427490234 0.04585742950439453 0.09879932403564454
0 0.2799163579940796 0.5290249824523926 0.08517293930053711 0.12362794876098633
0 0.791455340385437 0.31848964691162107 0.0511131763458252 0.10664968490600586
0 0.9873540878295899 0.23700249195098877 0.024437332153320314 0.08736739158630372
0 0.7653337478637695 0.2990917205810547 0.04149160385131836 0.09921979904174805
0 0.25502616224805175 0.6192587580096688 0.10960579516201627 0.12330584580402425
0 0.04417392611503601 0.6025619983673096 0.08834785223007202 0.10592107772827149
0 0.9595496177673339 0.019059053063392638 0.034372711181640626 0.038118106126785276
0 0.2784900284900285 0.5676638176638177 0.11111111111111119 0.10398860398860395
