0 0.6418671131134033 0.47171659469604493 0.06235065460205078 0.11033611297607422
0 0.6318633079528808 0.18564292192459106 0.04982271194458008 0.09769957065582276
0 0.19588403701782225 0.3984742045402527 0.07416267395019531 0.10722887516021729
0 0.30837321281433105 0.31889705657958983 0.06530327796936035 0.10857610702514649
0 0.4495241165161133 0.1944277286529541 0.047576522827148436 0.08987584114074706
0 0.2706517457962036 0.3558321714401245 0.07264800071716308 0.11447043418884277
0 0.8441216468811035 0.2997159004211426 0.05140361785888672 0.11217041015625
0 0.970179557800293 0.6661317825317383 0.0582550048828125 0.13461523056030272
0 0.3911805748939514 0.5646893501281738 0.11176269054412842 0.106683349609375
0 0.9770260810852051 0.42643333673477174 0.045947837829589847 0.10190885066986084
0 0.18825268149375915 0.5888360977172852 0.10613833665847779 0.13149566650390626
0 0.10832660496234894 0.6526230812072754 0.12344388365745544 0.10957403182983398
0 0.8178410530090332 0.2928732395172119 0.03005809783935547 0.10335383415222169
0 0.2074436209819935 0.5405810937582598 0.10007242714917221 0.11250121885555081
0 0.930904769897461 0.03406972885131836 0.03606700897216797 0.061381423473358156
0 0.2215099715099715 0.50997150997151 0.09971509971509973 0.12250712250712252
