0 0.5579339027404785 0.18803871273994446 0.06125726699829102 0.09726527929306031
0 0.578611946105957 0.4475144386291504 0.07623004913330078 0.11013498306274414
0 0.8798563957214356 0.6176445960998536 0.06656627655029297 0.12250232696533203
0 0.2638831853866577 0.2969175338745117 0.08569493293762206 0.10285763740539551
0 0.275148868560791 0.4842255115509033 0.10680608749389649 0.10696268081665039
0 0.21568634510040283 0.34003820419311526 0.0891714096069336 0.11371841430664062
0 0.3977761745452881 0.18987798690795898 0.04741582870483398 0.08729705810546876
0 0.9781704902648926 0.42620320320129396 0.043659019470214847 0.10294694900512695
0 0.904203372259765 0.28963691804483743 0.037751473864259276 0.10349036030619914
0 0.1091130734508873 0.568286247267003 0.11138854006416779 0.12232748028899197
0 0.1379006177186966 0.3739290952682495 0.08373436331748962 0.1250135898590088
0 0.13254482617065777 0.4825903177940608 0.11836600561766883 0.10604443563694967
0 0.9061198234558105 0.0715584173798561 0.03453807830810547 0.0871038168668747
0 0.14102564102564102 0.5292022792022792 0.10683760683760682 0.12108262108262109
0 0.18518518518518517 0.6951566951566951 0.10113960113960113 0.10256410256410252
0 0.873931623931624 0.28205128205128205 0.04273504273504277 0.10541310541310543
