0 0.17160911560058595 0.6677826881408692 0.09966855049133301 0.10889291763305664
0 0.6661901473999023 0.14232516288757324 0.05157203674316406 0.09576208591461181
0 0.389744234085083 0.22765610218048096 0.05552091598510742 0.10454654693603516
0 0.48574213981628417 0.43132580518722535 0.06817235946655273 0.10819151401519775
0 0.26115026473999026 0.3489348888397217 0.06449532508850098 0.0985872745513916
0 0.24940953254699708 0.25438342094421384 0.08651628494262695 0.11510319709777832
0 0.9798386573791504 0.42560300827026365 0.04032268524169922 0.10280323028564453
0 0.6569422721862793 0.961449384689331 0.06669721603393555 0.07710123062133789
0 0.376669716835022 0.1641434609889984 0.054964303970336914 0.08919259309768676
0 0.08618233618233619 0.1972934472934473 0.08262108262108264 0.10683760683760683
