0 0.20053606033325194 0.33535141944885255 0.09475631713867187 0.10596094131469727
0 0.40453583002090454 0.4043461322784424 0.06612374782562255 0.10777826309204101
0 0.6033891201019287 0.15162973403930663 0.0460606575012207 0.08790698051452636
0 0.29261491298675535 0.24438685774803162 0.06157083511352539 0.09993058443069458
0 0.38265687227249146 0.21232266426086427 0.057543158531188965 0.10072431564331055
0 0.1623746395111084 0.22858832478523256 0.07839312553405761 0.09476703405380249
0 0.2335810899734497 0.6928214073181153 0.07842502593994141 0.10548677444458007
0 0.4487630367279053 0.15065214037895203 0.045728874206542966 0.10509954690933228
0 0.9769212245941162 0.4285834312438965 0.046157550811767575 0.1008265495300293
0 0.024750955402851105 0.19465328454971315 0.04950191080570221 0.08588583469390869
