0 0.652782808975843 0.21150668770046538 0.05782642364501953 0.10676040649414058
0 0.878775094422633 0.5814065073290442 0.06927108764648438 0.14385910034179689
0 0.9701781068205946 0.7304485368592787 0.061368370056152345 0.10386476516723633
0 0.39214116817186356 0.3667860474908 0.0746919870376587 0.1358201026916503
0 0.22132843860194215 0.23630024270567576 0.07965270280838013 0.11246371269226074
0 0.9738684367137305 0.1767922131311067 0.05331687927246094 0.10953927040100098
0 0.1889838556505223 0.25249287749287747 0.07834757834757837 0.11989553656220321
0 0.37120132953466284 0.4311490978157645 0.10327635327635318 0.11633428300094971
0 0.6394824311490978 0.2513057929724596 0.06528964862298199 0.10327635327635326
0 0.8679962013295346 0.6341405508072175 0.07122507122507121 0.12345679012345682
0 0.9516856600189932 0.15990028490028488 0.048670465337131985 0.12939221272554605
