0 0.3445878028869629 0.38286465406417847 0.08348054885864258 0.09786036014556884
0 0.3893587112426758 0.2002314567565918 0.045971107482910153 0.10792040824890137
0 0.34143283367156985 0.2078400135040283 0.05777268409729004 0.10778131484985351
0 0.31630892753601075 0.7304857254028321 0.10041556358337403 0.09842634201049805
0 0.5558320071282888 0.16600950978420398 0.05215364956108591 0.10102941348002506
0 0.9636945012627843 0.8516531921180226 0.0712636464002126 0.12495880588846672
0 0.9784101486206055 0.42885489463806153 0.043047523498535155 0.09889440536499024
0 0.042127692699432374 0.31235289573669434 0.08425538539886475 0.11887197494506836
0 0.13894649744033813 0.31782021522521975 0.08236048221588135 0.10191154479980469
0 0.5250252723693848 0.14399170875549316 0.040669822692871095 0.11597590446472168
0 0.09107374628724535 0.22296932728541882 0.09525290567990384 0.11830332693551003
0 0.9793447293447293 0.8005698005698005 0.03418803418803417 0.10541310541310549
