0 0.6730515480041503 0.13454800844192505 0.035872459411621094 0.10258245468139648
0 0.16748533844947816 0.3961609363555908 0.08020085096359253 0.10482263565063477
0 0.8102098226547241 0.7472610473632812 0.0857475757598877 0.15769996643066406
0 0.2237567663192749 0.3199288368225098 0.0709188461303711 0.11139369010925293
0 0.440595006942749 0.8167324066162109 0.07136754989624024 0.12132778167724609
0 0.9556536674499512 0.6428407192230224 0.06322135925292968 0.119598388671875
0 0.9801332473754882 0.4296720504760742 0.03955974578857422 0.10059909820556641
0 0.44054820197939526 0.19452039882158623 0.05480103193864531 0.09813868953631473
0 0.8822690963745117 0.6557588577270508 0.07313423156738282 0.10663766860961914
0 0.1753013014793396 0.3054568529129028 0.04648327827453613 0.11399483680725098
0 0.10359203815460205 0.26335060596466064 0.07284669876098633 0.11006836891174317
0 0.4195239543914795 0.1512621372938156 0.0354496955871582 0.11118231415748596
0 0.8959959983825684 0.631136417388916 0.051284408569335936 0.08731231689453126
0 0.9552877426147461 0.016363592445850374 0.017500877380371094 0.03272718489170075
0 0.4515850596359071 0.14438166980539865 0.04943502824858762 0.11299435028248589
