0 0.823534369468689 0.6291636466979981 0.0674633502960205 0.1010772705078125
0 0.5260097026824951 0.27328290939331057 0.06562738418579102 0.11507191658020019
0 0.5346863269805908 0.10022904872894287 0.0431330680847168 0.09846317768096924
0 0.6961323738098144 0.9617865085601807 0.07180309295654297 0.07642698287963867
0 0.7006840705871582 0.5660690307617188 0.08607177734375 0.12920207977294923
0 0.2585747241973877 0.36301647424697875 0.06052165031433106 0.11500108242034912
0 0.8693009376525879 0.9586906433105469 0.07765464782714844 0.08049697875976562
0 0.1411058508772456 0.5953422566085119 0.09275301229580177 0.12515744768995848
0 0.9808243751525879 0.42974081039428713 0.037607765197753905 0.09895391464233398
0 0.6192153453826904 0.643282127380371 0.07615127563476562 0.14886608123779296
0 0.7705911159515381 0.5297414302825928 0.07957735061645507 0.1291529655456543
0 0.8773037910461425 0.10746666193008422 0.037025070190429686 0.10115163326263428
0 0.2622977256774902 0.20540328025817872 0.06541295051574707 0.08936862945556641
0 0.5084246158599853 0.09150745570659638 0.02830533981323242 0.0960970938205719
0 0.2611823081970215 0.2866602897644043 0.06147823333740234 0.10951480865478516
0 0.8932785034179688 0.2482220411300659 0.044216156005859375 0.10494132041931152
0 0.8662326812744141 0.26098692417144775 0.0396270751953125 0.10081915855407715
0 0.4923701763153076 0.2591914713382721 0.031982803344726564 0.11958311796188355
0 0.11754785914536556 0.607919300383652 0.09111510792009511 0.10324971832101497
0 0.7245758533477783 0.5434371948242187 0.05702142715454102 0.11489181518554688
0 0.8598448876226654 0.21169673947451725 0.03165558721114276 0.04985754985754985
0 0.8671452351227633 0.08426966292134831 0.023928422804827307 0.09571369121930917
