0 0.9631485939025879 0.9183762550354004 0.061865615844726565 0.10353431701660157
0 0.5272375583648682 0.2891822099685669 0.0751408576965332 0.11398816108703613
0 0.6091721057891846 0.5568413734436035 0.06822509765625 0.10193300247192383
0 0.5395012378692627 0.0959472507238388 0.04063892364501953 0.10722654461860656
0 0.5044202327728271 0.5016931056976318 0.07482995986938476 0.12839088439941407
0 0.08052410537700706 0.1912156823014262 0.09124764095344436 0.09753107970256751
0 0.8447048187255859 0.81674222946167 0.06996192932128906 0.1100320816040039
0 0.7373268127441406 0.2793332815170288 0.05144805908203125 0.11056981086730958
0 0.9824414253234863 0.4312551379203796 0.035117149353027344 0.09329702854156494
0 0.34472934472934474 0.7293447293447293 0.07549857549857551 0.09686609686609689
0 0.8972653388977051 0.770147705078125 0.058576774597167966 0.10906124114990234
0 0.5004549026489258 0.23430070281028748 0.04143457412719727 0.10527974367141724
0 0.9491561889648438 0.7590472936630249 0.067193603515625 0.11337018013000488
0 0.7936611413955689 0.267193341255188 0.045134115219116214 0.0948577880859375
0 0.6116385459899902 0.8257344245910645 0.08237695693969727 0.10604095458984375
0 0.4534627437591553 0.5698018074035645 0.08738298416137695 0.14984426498413086
0 0.9744028568267822 0.24844713211059571 0.051194286346435545 0.1088493824005127
0 0.9684345245361328 0.022152090072631837 0.03222522735595703 0.044304180145263675
0 0.4459682941436768 0.5248656749725342 0.07069644927978516 0.07995672225952148
0 0.5945249004581376 0.44852592513771816 0.0662576675415039 0.11473786830902094
0 0.7385195732116699 0.15288786590099335 0.03403768539428711 0.1064930498600006
0 0.5422295570373535 0.4816602230072021 0.06261405944824219 0.12364339828491211
0 0.7891880476002797 0.21610071174943143 0.05423352591480887 0.1054666427410936
0 0.3096876752002966 0.7571742397427899 0.09145086042561759 0.09818713305003278
0 0.7690150147653632 0.19739723920619145 0.03285119652291363 0.10956672192025865
0 0.9883644706653555 0.20440019665683387 0.02007538511963284 0.09341199606686333
0 0.973205506391347 0.1919042936742052 0.04056047197640135 0.11184857423795477
0 0.5432098765432098 0.06746031746031746 0.04056437389770727 0.0855379188712522
