0 0.030003786087036133 0.18571744561195375 0.060007572174072266 0.08869065046310425
0 0.41396565437316896 0.7908516168594361 0.1025400161743164 0.13157591819763184
0 0.596738052368164 0.25823726654052737 0.05523490905761719 0.11000008583068847
0 0.7833636283874512 0.7776223421096802 0.059913253784179686 0.11362566947937011
0 0.5530059814453125 0.5324811935424805 0.06484375 0.10544548034667969
0 0.8469173431396484 0.8676332473754883 0.05459251403808594 0.09914493560791016
0 0.5292798042297363 0.7772907972335815 0.08218050003051758 0.11095623970031739
0 0.8956693649291992 0.7129324913024903 0.058632850646972656 0.11730890274047852
0 0.7543766021728515 0.27663464546203614 0.04547805786132812 0.10320544242858887
0 0.8906942367553711 0.9493276596069335 0.07771434783935546 0.10079689025878906
0 0.6981639148907267 0.29257526099156245 0.06222596210567196 0.09661436678030294
0 0.405436580405276 0.560555385116838 0.07583042576781707 0.11683726596017173
0 0.6740609169006347 0.1523940682411194 0.03228483200073242 0.09261939525604249
0 0.5418218204794317 0.09640926356038088 0.04307926706115613 0.10287143717367182
0 0.4710836189764517 0.4765135631359443 0.07091503336736543 0.11704829029305275
0 0.9846691131591797 0.43098336458206177 0.030661773681640626 0.0913949728012085
0 0.8262906312942505 0.7344297409057617 0.05420355796813965 0.0987945556640625
0 0.5362823963165283 0.42936326265335084 0.06768417358398438 0.11184594631195069
0 0.8619929453262787 0.20209138315611205 0.04320987654320984 0.10083179629458743
0 0.37864185571670533 0.8057908296585083 0.0808903455734253 0.10811247825622558
0 0.5741615772247315 0.20372503399848937 0.030772876739501954 0.08901075124740601
0 0.932473263328458 0.26382924200576024 0.036288041244318316 0.09555971857942183
0 0.39494301994301995 0.517094017094017 0.0819088319088319 0.09544159544159546
0 0.4854497354497354 0.4532627865961199 0.06966490299823638 0.109347442680776
0 0.5436507936507936 0.06790123456790123 0.04497354497354496 0.08818342151675486
0 0.6882716049382716 0.24867724867724866 0.03615520282186948 0.06878306878306881
0 0.8487654320987654 0.18209876543209877 0.043209876543209944 0.10670194003527338
0 0.9250440917107584 0.1988536155202822 0.02645502645502644 0.0908289241622575
0 0.9519400352733686 0.22530864197530862 0.04144620811287472 0.10317460317460317
