0 0.5792424075171025 0.21344161977795117 0.06369304656982422 0.10649375915527344
0 0.7874574407666272 0.5523876315621342 0.07892589569091797 0.14363431930541992
0 0.2765208388325835 0.25447190600356256 0.0848567008972168 0.09947361946105956
0 0.8992412567138672 0.6839583396911622 0.05805683135986328 0.10545721054077148
0 0.909352825487215 0.1915345327014145 0.04846630096435547 0.10523297786712657
0 0.9154949188232422 0.8590356826782226 0.06904811859130859 0.09738407135009766
0 0.30613097345274287 0.40608412192644444 0.07473158836364746 0.12366678714752197
0 0.9635532897648534 0.9541130245241346 0.07379560470581055 0.0931529998779299
0 0.9729309558868409 0.792105770111084 0.05413808822631836 0.1063150405883789
0 0.9850717544555664 0.7337169170379638 0.02905616760253906 0.06339244842529297
0 0.24121557454890788 0.2631766381766381 0.07597340930674258 0.10327635327635326
0 0.3415242165242165 0.3628917378917379 0.0985280151946819 0.12464387464387462
0 0.5629154795821462 0.24774453941120606 0.08072174738841395 0.11989553656220321
0 0.8905508072174737 0.17295821462488126 0.04748338081671414 0.12701804368471034
0 0.7688746438746439 0.6092117758784426 0.07003798670465336 0.12583095916429252
0 0.9804249762583094 0.93179012345679 0.03729819563152916 0.09197530864197534
