0 0.8207281112670899 0.692608642578125 0.06851577758789062 0.13333911895751954
0 0.632536792755127 0.29744935035705566 0.04853658676147461 0.10366907119750976
0 0.605524730682373 0.16404113173484802 0.041534137725830075 0.10547410249710083
0 0.540569543838501 0.09782678484916688 0.041283798217773435 0.09773772954940796
0 0.4939751625061035 0.5068574905395508 0.0590174674987793 0.09714107513427735
0 0.7085447311401367 0.27592196464538576 0.05539884567260742 0.11039113998413086
0 0.872317886352539 0.26502327919006347 0.06417407989501953 0.1203855037689209
0 0.4810534954071045 0.39879722595214845 0.07121658325195312 0.1007664680480957
0 0.4205900816070307 0.4540168631997261 0.08474576271186442 0.11236517649361417
0 0.4873740352479752 0.8301577643186734 0.06731093766475285 0.10365182855034955
0 0.9471123666038921 0.18910860012554928 0.061205273069679975 0.10357815442561205
0 0.9837321758270263 0.43066916465759275 0.032535648345947264 0.09068641662597657
0 0.981046485900879 0.8784299850463867 0.03762836456298828 0.10054683685302734
0 0.6431163787841797 0.19166877269744872 0.04202737808227539 0.10420422554016114
0 0.6578862214193207 0.2611166243574115 0.039232921600341794 0.1022982120513916
0 0.34872171878814695 0.5015195846557617 0.0767369270324707 0.12303733825683594
0 0.7557078123092651 0.8723527908325195 0.1028902530670166 0.1428741455078125
0 0.3558359146118164 0.5469342231750488 0.0786142349243164 0.11984815597534179
0 0.7572391033172607 0.7037112236022949 0.062457275390625 0.09206256866455079
0 0.7205687522888183 0.7376083374023438 0.06492652893066406 0.10257396697998047
0 0.7318175792694092 0.8215639114379882 0.07227544784545899 0.112939453125
0 0.4597042405223667 0.7308446805730078 0.09078324563983692 0.1088958897084765
0 0.45803198411789475 0.8634653119867282 0.07420596271210766 0.1045194701885024
0 0.5350275039672852 0.04210617020726204 0.030638885498046876 0.03471840471029282
0 0.8945742607116699 0.2090986967086792 0.04852294921875 0.08293943405151367
0 0.4339296924042687 0.428436911487759 0.07062146892655369 0.09573132454488392
0 0.6775737602008789 0.22951977401129944 0.04158819836785944 0.09808537350910235
0 0.8898305084745763 0.2436440677966102 0.029817953546767143 0.1122096672944131
0 0.9361268047708725 0.168706842435656 0.06748273697426231 0.09887005649717513
