0 0.5970209779059781 0.29702748109407956 0.04482349191425109 0.11152403453007806
0 0.7545925617218018 0.20993010997772216 0.03835315704345703 0.11589055061340332
0 0.7138907432556152 0.17167332172393798 0.03751592636108399 0.10234556198120118
0 0.8342123769338959 0.2502344116268167 0.055672761368963895 0.10079699953117677
0 0.6575488090515137 0.7089720249176026 0.06907596588134765 0.10753507614135742
0 0.38769603967666627 0.6854438304901123 0.08675897121429443 0.10919122695922852
0 0.6687259197235107 0.28311762809753416 0.06589555740356445 0.11421709060668946
0 0.9120945930480957 0.8319791793823242 0.08753776550292969 0.10510120391845704
0 0.5780641078948975 0.8945648193359375 0.0761683464050293 0.12776832580566405
0 0.9843066692352295 0.9498929023742676 0.03138666152954102 0.09193229675292969
0 0.5427922248840332 0.17450464963912965 0.04341268539428711 0.10047323703765869
0 0.4270792484283447 0.3840856790542603 0.07271003723144531 0.1117469310760498
0 0.965141487121582 0.6556066513061524 0.0697031021118164 0.11414203643798829
0 0.30864594391315153 0.5117148868745015 0.08751701491417542 0.1178379073728231
0 0.5399688720703125 0.0996895045042038 0.04367685317993164 0.11864462494850159
0 0.3701888162672476 0.43239032134857397 0.0780682643427742 0.1135097639752889
0 0.7518836498260498 0.6564220905303955 0.060924720764160153 0.12087106704711914
0 0.6668322086334229 0.8331342697143554 0.09415578842163086 0.1113189697265625
0 0.9684232711791992 0.8060839891433715 0.0613861083984375 0.12670187950134276
0 0.544227933883667 0.9203967094421387 0.09154062271118164 0.12226696014404297
0 0.7072594642639161 0.6735461711883545 0.07049713134765626 0.10112838745117188
0 0.6276631832122803 0.761893630027771 0.055360603332519534 0.08736100196838378
0 0.4310205340385437 0.479750394821167 0.07964155673980713 0.11023530960083008
0 0.6378310203552247 0.2724685907363892 0.04743051528930664 0.0991215705871582
0 0.8224986791610718 0.27698574066162107 0.04509587287902832 0.10522623062133789
0 0.8347984060009376 0.22532817627754334 0.054500703234880474 0.09903891233005153
0 0.5431190994916485 0.06427015250544658 0.049927378358750975 0.08533042846768336
0 0.3915214233841684 0.4028685548293391 0.06445170660856932 0.10167029774872913
0 0.30982207697893965 0.465958605664488 0.07716049382716048 0.12254901960784316
0 0.9853745791245792 0.4303451178451178 0.024200336700336587 0.09259259259259259
0 0.9843223905723907 0.5834385521885522 0.0220959595959595 0.07680976430976434
