0 0.48631811141967773 0.18278868198394777 0.07715263366699218 0.10543289184570312
0 0.5562894821166993 0.29383604526519774 0.04861927032470703 0.10549969673156738
0 0.06100483983755112 0.3028998374938965 0.07954073250293732 0.10767402648925781
0 0.8329370498657227 0.19929279685020446 0.05658092498779297 0.10555039644241333
0 0.7661334037780761 0.28278968334197996 0.049493408203125 0.11019334793090821
0 0.7002073764801026 0.6146050930023194 0.07840032577514648 0.11769285202026367
0 0.39018300771713255 0.36672924757003783 0.07530462741851807 0.11807177066802979
0 0.6254464626312256 0.28896026611328124 0.06459827423095703 0.11448969841003417
0 0.5462244229438977 0.7674311184135937 0.07962833306728268 0.1132098151747658
0 0.6094914901630152 0.6717610552100375 0.07019080884775887 0.11560188249984696
0 0.8903165817260742 0.7532704114913941 0.05440311431884766 0.10323224067687989
0 0.8443093299865723 0.7932697057723999 0.061151313781738284 0.12261319160461426
0 0.5392301082611084 0.09152812659740447 0.04771213531494141 0.10616284012794494
0 0.6618535995483399 0.9379364013671875 0.060053443908691405 0.11580066680908203
0 0.6337055206298828 0.9630062580108643 0.06435947418212891 0.07398748397827148
0 0.9425433158874512 0.8628031730651855 0.07266769409179688 0.09880447387695312
0 0.3155636787414551 0.6409403324127197 0.07960200309753418 0.11606693267822266
0 0.915789794921875 0.7033921718597412 0.07682743072509765 0.1219630241394043
0 0.2531184401515141 0.4306859469608325 0.07152250491068665 0.10336812744332223
0 0.9323407173156738 0.5425419807434082 0.05446128845214844 0.0765883445739746
0 0.9056166648864746 0.9210059165954589 0.06029701232910156 0.12169265747070312
0 0.369756293296814 0.4589091777801514 0.07885384559631348 0.10673789978027344
0 0.5889362812042236 0.2768894910812378 0.04488649368286133 0.10383954048156738
0 0.9593028068542481 0.02689391076564789 0.026804733276367187 0.05206136107444763
0 0.7858321666717529 0.22925355434417724 0.05603017807006836 0.11707725524902343
0 0.9131567001342773 0.6182997703552247 0.07314701080322265 0.10360984802246094
0 0.7856781005859375 0.1559000253677368 0.03972759246826172 0.07921204566955567
0 0.32054300062774643 0.41428167152464657 0.08396107972379156 0.11607118987917375
0 0.9375845909118652 0.5890745639801025 0.04916400909423828 0.08573846817016602
0 0.34409553983715896 0.3798773268671509 0.06044468921606296 0.09277411387240601
0 0.2898843975764584 0.47988982863644725 0.07443295083402164 0.10918329820195906
0 0.9877849002849004 0.4318732193732194 0.02257834757834766 0.0973646723646724
0 0.6367521367521368 0.6403133903133902 0.05270655270655269 0.10968660968660968
0 0.5398860398860399 0.7079772079772079 0.06695156695156701 0.10256410256410262
