0 0.631249189376831 0.2928046226501465 0.05791454315185547 0.09996371269226074
0 0.4051513671875 0.6026851654052734 0.0779505729675293 0.11235532760620118
0 0.9031719207763672 0.16555095911026002 0.03299407958984375 0.09420764446258545
0 0.5178401947021485 0.2876800775527954 0.08670063018798828 0.12433624267578125
0 0.7056390762329101 0.719019079208374 0.07434864044189453 0.10557403564453124
0 0.9729404449462891 0.18412946462631224 0.054119110107421875 0.11044943332672119
0 0.4651814937591553 0.28999269008636475 0.05542116165161133 0.10733036994934082
0 0.3391993045806885 0.19485767483711242 0.05524711608886719 0.09393781423568726
0 0.5688339233398437 0.5708242416381836 0.07388286590576172 0.12762079238891602
0 0.4984737396240234 0.60887770652771 0.08391294479370118 0.12958087921142578
0 0.5404099464416504 0.09348396360874175 0.043096160888671874 0.10109812617301941
0 0.2975400447845459 0.32891407012939455 0.07913746833801269 0.10574088096618653
0 0.8763379096984864 0.4900020122528076 0.055199813842773435 0.12142343521118164
0 0.3617818832397461 0.6783527374267578 0.09029064178466797 0.12475204467773438
0 0.22766566276550293 0.2962033748626709 0.07722940444946289 0.1146047592163086
0 0.9099916458129883 0.7193656444549561 0.046343421936035155 0.13805904388427734
0 0.8885112762451172 0.7604712724685669 0.06340694427490234 0.10346732139587403
0 0.20920300795058325 0.44072964749925697 0.0866444891493386 0.1154142018749829
0 0.7360448360443115 0.8493721008300781 0.07283220291137696 0.1092193603515625
0 0.6678497314453125 0.23961284160614013 0.053804206848144534 0.11243886947631836
0 0.780576229095459 0.791525936126709 0.0743173599243164 0.12183723449707032
0 0.2775028467178345 0.40033612251281736 0.07283182144165039 0.128043270111084
0 0.9065622329711914 0.45181894302368164 0.05232372283935547 0.11695737838745117
0 0.7729309558868408 0.5825148582458496 0.06870336532592773 0.14646196365356445
0 0.766148567199707 0.6812168598175049 0.05627851486206055 0.1140467643737793
0 0.9298585891723633 0.04248377233743668 0.029758262634277343 0.07555319964885712
0 0.15532779693603516 0.38979698419570924 0.07668371200561523 0.09382741451263428
0 0.9848874092102051 0.4265854001045227 0.030225181579589845 0.09131896495819092
0 0.6640724658966064 0.20362034440040588 0.05409784317016601 0.09673289060592652
0 0.8118675947189331 0.5285662651062012 0.06458134651184082 0.12016859054565429
0 0.18115955591201782 0.5641852855682373 0.0852970838546753 0.11921262741088867
0 0.21245577335357665 0.36584746837615967 0.07152905464172363 0.09822907447814941
0 0.24750581600162605 0.33764119981400603 0.06535392836230831 0.0714708471252346
0 0.5357142857142857 0.06613756613756613 0.04930254930254937 0.08778258778258778
0 0.8886483886483886 0.07425444925444925 0.03246753246753247 0.0992063492063492
