0 0.25847392082214354 0.5103542804718018 0.08024034500122071 0.12827329635620116
0 0.9181062698364257 0.17679587602615357 0.03866081237792969 0.10105178356170655
0 0.03264942169189453 0.5241901874542236 0.06529884338378907 0.10836381912231445
0 0.5141484260559082 0.28093562126159666 0.05624809265136719 0.10352020263671875
0 0.8730645179748535 0.09704593122005463 0.028018951416015625 0.08525045514106751
0 0.4824201583862305 0.5076306343078614 0.06999921798706055 0.1211435317993164
0 0.3642745018005371 0.30157930850982667 0.06450839042663574 0.1274433135986328
0 0.7720520496368408 0.6308936595916748 0.0624140739440918 0.12528715133666993
0 0.5392301559448243 0.09420710802078247 0.043607234954833984 0.09437189102172852
0 0.42943711280822755 0.28182082176208495 0.07085981369018554 0.11295347213745117
0 0.2162172257900238 0.5762646675109864 0.08845082521438599 0.11363182067871094
0 0.7258696556091309 0.701408052444458 0.06855611801147461 0.12810983657836914
0 0.6191280364990235 0.7414320468902588 0.06588830947875976 0.11929826736450196
0 0.1994928963843234 0.3049651603753071 0.07989747368032778 0.10423231505260847
0 0.8495391845703125 0.20119707584381102 0.04677371978759766 0.10164618492126465
0 0.4043893337249756 0.5540337562561035 0.09285383224487305 0.14348888397216797
0 0.07713565826416016 0.47999086380004885 0.10215699672698975 0.10601158142089843
0 0.812961196899414 0.12674191296100618 0.037633323669433595 0.10027293562889099
0 0.9828243255615234 0.42450103759765623 0.03410415649414063 0.09596824645996094
0 0.03950157165527344 0.36539263725280763 0.07526177167892456 0.09873886108398437
0 0.5776518256575973 0.7716953617894751 0.08543708942554615 0.14036996018173342
0 0.7750971555709839 0.3863659858703613 0.06304783821105957 0.10719795227050781
0 0.5405282974243164 0.20422213077545165 0.054198169708251955 0.11569805145263672
0 0.6430334568023681 0.6273054122924805 0.07622900009155273 0.10088901519775391
0 0.21225071225071224 0.1891025641025641 0.08547008547008546 0.10470085470085472
0 0.559292221069336 0.6653903484344482 0.06525993347167969 0.11659564971923828
0 0.17174256398127627 0.38496476904279486 0.07425435873178335 0.10611187426792591
0 0.7100069999694825 0.4568044185638428 0.058755016326904295 0.0984807014465332
0 0.11231147349729838 0.3974461428460232 0.09071981309146283 0.1139806047803656
0 0.14062227886966153 0.30920574468085577 0.0647203412151065 0.08422345517367728
0 0.5293831825256348 0.03964315056800842 0.030247592926025392 0.04000566005706787
0 0.5547966003417969 0.247101092338562 0.05373964309692383 0.10003266334533692
0 0.10550820149927059 0.3437772255677443 0.07426426624640443 0.10920687278791029
0 0.3844995141029358 0.2522130966186523 0.04683749675750733 0.08949565887451172
0 0.7408966541290283 0.42082629203796384 0.05399465560913086 0.09269227981567382
0 0.655982905982906 0.5740740740740741 0.07407407407407407 0.09971509971509965
0 0.6381766381766383 0.5299145299145299 0.06410256410256404 0.1111111111111111
0 0.6830484330484331 0.5049857549857549 0.07122507122507121 0.1125356125356126
