0 0.965822696685791 0.6666047096252441 0.06607627868652344 0.12002506256103515
0 0.7580774307250977 0.21395298838615417 0.06251726150512696 0.08790498971939087
0 0.8198017120361328 0.18037599921226502 0.03819408416748047 0.10523759126663208
0 0.7063545703887939 0.6169979095458984 0.06699800491333008 0.11598243713378906
0 0.43252378702163696 0.3181013584136963 0.0668079137802124 0.11204771995544434
0 0.6549988746643066 0.6688136100769043 0.05715627670288086 0.12177009582519531
0 0.42325628995895387 0.4939145088195801 0.07337877750396729 0.12622756958007814
0 0.9809788227081299 0.42568851709365846 0.03804235458374024 0.0999150037765503
0 0.5372091293334961 0.09419549405574798 0.04249591827392578 0.09601758122444153
0 0.3180572986602783 0.2814695119857788 0.05717782974243164 0.1036902904510498
0 0.684799337387085 0.39477828741073606 0.05737094879150391 0.11848633289337158
0 0.3374798424223549 0.5387784595163458 0.07290356301853797 0.11174495322072607
0 0.7491511344909668 0.13272430896759033 0.03630542755126953 0.09886431694030762
0 0.14529914529914528 0.18874643874643876 0.07834757834757831 0.10683760683760683
0 0.18238964080810546 0.4728957176208496 0.09271979331970215 0.1194345474243164
0 0.5541608333587646 0.6001968860626221 0.061066627502441406 0.10883722305297852
0 0.46558213233947754 0.27262449264526367 0.06517019271850585 0.105487060546875
0 0.5030017852783203 0.737311840057373 0.08275880813598632 0.1213648796081543
0 0.48490753173828127 0.21975545287132264 0.05674877166748047 0.15736304521560668
0 0.37821006774902344 0.2725186824798584 0.0742431640625 0.11145129203796386
0 0.5061785697937011 0.6355582237243652 0.07955465316772461 0.11387758255004883
0 0.8350741386413574 0.11355905532836914 0.03622646331787109 0.07442648410797119
0 0.1566504099090554 0.28263408322619576 0.09250309902039013 0.11227671346093855
0 0.06441444161950353 0.5486009626307039 0.09321634762647145 0.1057489338084164
0 0.6438530680800435 0.44737139013078475 0.0726064210603719 0.11696500248379177
0 0.16125131845474244 0.528904914855957 0.11102335453033448 0.1105428695678711
0 0.5478466510772705 0.7284609794616699 0.08442173004150391 0.11227884292602539
0 0.7089452265334605 0.3672020803489576 0.060340595517063396 0.13041555670931132
0 0.6091819706126155 0.5514192676272488 0.062499618530273436 0.09752120971679687
0 0.5060056686401367 0.23978924751281738 0.04806051254272461 0.10219011306762696
0 0.05820011592913218 0.3916188687001198 0.09869948324145075 0.12274516858266629
0 0.528711462020874 0.03971158042550087 0.02802438735961914 0.040648309886455535
0 0.5830693244934082 0.5272199153900147 0.07682609558105469 0.14659996032714845
0 0.36609686609686615 0.5085470085470086 0.06980056980056977 0.10256410256410262
0 0.6153846153846154 0.477920227920228 0.05270655270655269 0.11253561253561255
0 0.10042735042735042 0.2955840455840456 0.07977207977207976 0.07549857549857551
0 0.1346153846153846 0.36253561253561256 0.0883190883190883 0.10113960113960113
0 0.07264957264957266 0.33048433048433046 0.10683760683760683 0.1111111111111111
0 0.3468660968660968 0.25284900284900286 0.06267806267806272 0.08974358974358976
