0 0.660149335861206 0.3025995421335134 0.04223546981811523 0.10393781661987304
0 0.76667799949646 0.5944082736968994 0.06762838363647461 0.11032838821411133
0 0.22403461933135987 0.657313871383667 0.07455062866210938 0.10294475555419921
0 0.6651015281677246 0.14732880592346193 0.03482627868652344 0.09025156497955322
0 0.8978124632999227 0.27530363939107394 0.05763530731201172 0.11432747840881348
0 0.8478406724840442 0.535577034492782 0.06731586456298828 0.12485408782958984
0 0.8828288078308105 0.6767845630645752 0.061332321166992186 0.12855024337768556
0 0.32039287090301516 0.25420589447021485 0.07364444732666016 0.10396814346313477
0 0.8759406089782715 0.11625292301177978 0.043318557739257815 0.09274790287017823
0 0.5047747135162354 0.5625947475433349 0.0876032829284668 0.13123254776000975
0 0.8388092041015625 0.7144960403442383 0.07703857421875 0.12583589553833008
0 0.1599715776711582 0.28427963493020336 0.07671351432800293 0.10702862739562988
0 0.161255289781099 0.6240611839592324 0.097400963306427 0.11457290649414062
0 0.23256065464615552 0.27516562794000643 0.07830591201782226 0.11960968971252442
0 0.9808467864990235 0.5998457431793213 0.03830642700195312 0.1129293441772461
0 0.562305696475511 0.17302420139312744 0.06755867004394531 0.09942831993103027
0 0.9790685176849365 0.42541218996047975 0.04186296463012695 0.10096166133880616
0 0.48313422203063966 0.24216862320899962 0.06034097671508789 0.09502428770065308
0 0.5456085681915284 0.09526636451482773 0.048075199127197266 0.09424395859241486
0 0.5173210144042969 0.1976165771484375 0.04914922714233398 0.11567249298095703
0 0.979511833190918 0.9432221412658691 0.04032554626464844 0.10726413726806641
0 0.13042030236860414 0.6848753349316115 0.0921268205193738 0.12667949524164096
0 0.4320358577236328 0.5003612688586734 0.06969976425170898 0.12018926143646225
0 0.34417379439169676 0.23498653270260983 0.05425566553484376 0.12953608229669913
0 0.4663393020629883 0.5939903259277344 0.08706808090209961 0.13083438873291015
0 0.1842881202697754 0.47538166046142577 0.09190034866333008 0.11926631927490235
0 0.037187025266824596 0.254674166688319 0.07609526813030243 0.1157266616821289
0 0.34850595050600686 0.6748654269576339 0.10252985954284669 0.13815031051635743
0 0.26522393226623536 0.43509931564331056 0.08045225143432617 0.12595071792602539
0 0.3723041534423828 0.509891414642334 0.0822138786315918 0.09855194091796875
0 0.32313287258148193 0.5561912536621094 0.08094887733459473 0.11330623626708984
0 0.01982677731993792 0.33824889271560393 0.039698177576065065 0.1609668731689453
0 0.9355135145276746 0.21498902415335572 0.037905311584472655 0.08354692459106432
0 0.21129128336906433 0.4620695948600769 0.07395001649856567 0.12543013095855712
0 0.20437304774654177 0.23449352967425258 0.07362784471218208 0.11713520749665325
0 0.3131414547077198 0.17871485943775103 0.05689424364123157 0.11490406068719321
0 0.3995983935742972 0.6277331548415885 0.08032128514056225 0.12048192771084332
0 0.9183400267737618 0.24062918340026773 0.049085229808121376 0.0870147255689424
0 0.9473449352967426 0.16979027219991077 0.02900490852298095 0.09036144578313252
0 0.5278893351182509 0.05934850513163772 0.037929495760821046 0.09928603302097279
0 0.3940205265506471 0.44422132976349843 0.06247211066488174 0.11490406068719321
0 0.4325078090138332 0.42971887550200805 0.06358768406961175 0.1305220883534137
0 0.4676483712628291 0.39457831325301207 0.08478357875948224 0.12271307452030344
0 0.4782463186077645 0.34549308344489066 0.05689424364123162 0.10486390004462294
0 0.5150602409638555 0.3164881749219099 0.06581883087907188 0.10709504685408296
