0 0.7061388492584229 0.5688036918640137 0.061870479583740236 0.11448726654052735
0 0.7409741401672363 0.3052663326263428 0.05667037963867187 0.1029883861541748
0 0.134953048825264 0.45185471773147584 0.10744046568870544 0.11620748043060303
0 0.13540639877319335 0.2610179424285889 0.06704511642456054 0.10532879829406738
0 0.29728401232808355 0.6782917642742329 0.0976755142211914 0.10159873962402344
0 0.6092881679534912 0.16092525720596312 0.049569129943847656 0.09145452976226806
0 0.9254003524780273 0.5807146072387696 0.057980918884277345 0.11692838668823242
0 0.4766179084777832 0.179453444480896 0.05554838180541992 0.10431251525878907
0 0.16467423537967996 0.7220564389005404 0.09662246704101562 0.1211318016052246
0 0.7688345432281494 0.6722274780273437 0.07114934921264648 0.1060220718383789
0 0.20475416253954634 0.2725278310507656 0.09530490636825562 0.11627445220947266
0 0.8530974569410045 0.27698021696806485 0.04878425598144531 0.10369443893432617
0 0.7729342222213745 0.5160132884979248 0.057413911819458006 0.11221580505371094
0 0.4723684310913086 0.2991937160491943 0.06441574096679688 0.10601434707641602
0 0.5506835060000473 0.10457835731656358 0.055467987060546876 0.11290497183799744
0 0.8117768287658691 0.6420943737030029 0.06258678436279297 0.10652141571044922
0 0.41388845443725586 0.20840442180633545 0.05989160537719727 0.10511388778686523
0 0.43109984397888185 0.5374172687530517 0.09364166259765624 0.1294163703918457
0 0.9527154922485351 0.2494683027267456 0.03879470825195312 0.10398216247558593
0 0.9718441963195801 0.4222699046134949 0.049534034729003903 0.10857174396514893
0 0.9702113151550293 0.8548966646194458 0.056083297729492186 0.13765101432800292
0 0.4165675282478333 0.37360841035842896 0.0788644552230835 0.1219029188156128
0 0.16517354272295995 0.4351294257182301 0.07170556961878355 0.13018745473855745
0 0.3326637506484985 0.581763219833374 0.10050911903381347 0.11997289657592773
0 0.9316733360290528 0.9084242820739746 0.0769662857055664 0.11940593719482422
0 0.3096873998641968 0.6307433605194092 0.09423456192016602 0.11302976608276367
0 0.2544361076414558 0.2591391148284204 0.07711501121520996 0.12728147506713866
0 0.37784876823425295 0.24460678100585936 0.05983381271362305 0.09355239868164063
0 0.4042275547981262 0.5556071281433106 0.0791064977645874 0.1320948600769043
0 0.8582001686096191 0.13182859420776366 0.03865604400634766 0.08533363342285157
0 0.17257920571173588 0.2378402498884427 0.07920571173583213 0.10151717983043285
0 0.2501115573404731 0.17481035252119592 0.029004908522980846 0.07809013833110219
0 0.29808121374386437 0.21273984828201695 0.06470325747434176 0.11155734047300309
0 0.5306782686300759 0.06938866577420798 0.036813922356090927 0.108210620258813
0 0.891566265060241 0.16700133868808573 0.037929495760821046 0.09817045961624273
0 0.8709281570727354 0.2501115573404731 0.047969656403391264 0.10597947344935298
0 0.8865461847389559 0.22612672913877738 0.05466309683177155 0.11155734047300314
0 0.959616242748773 0.16923248549754577 0.033467202141900784 0.11601963409192322
0 0.9893853190539937 0.20710062472110666 0.01937751004016061 0.09135430611334222
0 0.9865963855421687 0.16471441320838912 0.024955377063810777 0.07797858099062914
0 0.1993529674252566 0.67570281124498 0.08589915216421241 0.09370816599732261
0 0.2506693440428381 0.5295626952253458 0.07697456492637221 0.12717536813922362
0 0.30477465417224453 0.5016733601070951 0.10040160642570278 0.12048192771084343
0 0.35497545738509595 0.4760151717983044 0.06247211066488174 0.1093261936635431
0 0.3354529228023205 0.42971887550200805 0.05466309683177155 0.10821062025881302
0 0.3828647925033467 0.41744756804997774 0.06916555109326192 0.14837126282909427
0 0.4219098616688978 0.3332217759928604 0.06470325747434176 0.11601963409192322
0 0.21552878179384216 0.40908076751450245 0.0847835787594823 0.12717536813922356
