0 0.859019660949707 0.5586647033691406 0.06842575073242188 0.10936250686645507
0 0.4228239059448242 0.18437946438789368 0.07725105285644532 0.09861835241317748
0 0.5445770263671875 0.17159751653671265 0.04375190734863281 0.09807894229888917
0 0.3683202028274536 0.7205039501190186 0.07261424064636231 0.10400953292846679
0 0.3993988633155823 0.27837653160095216 0.07186763286590576 0.10862345695495605
0 0.8786661148071289 0.8713950157165528 0.08204078674316406 0.1180459976196289
0 0.807687783241272 0.3293405055999756 0.0442451000213623 0.10510077476501464
0 0.7528678417205811 0.6027634620666504 0.07467670440673828 0.1159895896911621
0 0.18608344197273255 0.39336342811584474 0.1083396315574646 0.11241626739501953
0 0.9064277648925781 0.2586085796356201 0.04528656005859375 0.10364656448364258
0 0.24822702407836914 0.7422294855117798 0.09320812225341797 0.12014174461364746
0 0.6589161872863769 0.5468286514282227 0.0763401985168457 0.12912960052490235
0 0.7014374732971191 0.49073486328125 0.06823835372924805 0.11340188980102539
0 0.9714196205139161 0.41956319808959963 0.045912742614746094 0.10713119506835937
0 0.5494959301844285 0.09343825864345033 0.05768022537231445 0.10538301467895506
0 0.2838942289352417 0.7149923324584961 0.10144214630126953 0.10839767456054687
0 0.08870451152324677 0.4269051432609558 0.09541521668434143 0.1167349100112915
0 0.09006964564323425 0.2553782224655151 0.07297521829605103 0.10099859237670898
0 0.9587493896484375 0.7893596887588501 0.05168228149414063 0.10706686973571777
0 0.38263424634933474 0.5086372375488282 0.08918554782867431 0.13174819946289062
0 0.15861292837560845 0.2680816840827598 0.0903635025024414 0.11506996154785157
0 0.22491766172346925 0.6285105293959924 0.10660572052001953 0.16766557693481446
0 0.9188010215759277 0.8384616851806641 0.0561767578125 0.15796031951904296
0 0.9450912475585938 0.22741396427154542 0.03550224304199219 0.10104432106018066
0 0.6994875907897949 0.6430623531341553 0.061458683013916014 0.11876764297485351
0 0.20400784901081054 0.2585526184544187 0.0791052222251892 0.14220223426818848
0 0.31948516368865965 0.22771191596984863 0.06183314323425293 0.10177435874938964
0 0.2843353748321533 0.3893928527832031 0.06389546394348145 0.07763280868530273
0 0.3447146415710449 0.30218985080718996 0.05642232894897461 0.07694926261901855
0 0.32664270119069144 0.38858652731926513 0.08490443229675293 0.1157674789428711
0 0.11649155616760254 0.398849356174469 0.06446399688720703 0.08346145153045655
0 0.8191978363946101 0.27488009975404415 0.05221405029296875 0.08347010612487793
0 0.33180923461914064 0.5133656978607177 0.10793933868408204 0.15712080001831055
0 0.12516733601070956 0.23728246318607765 0.08255243195002232 0.12271307452030342
0 0.19712182061579658 0.16979027219991077 0.0591253904506917 0.10151717983043285
0 0.24341811691209286 0.20660419455600182 0.044622936189201226 0.10151717983043285
0 0.27688531905399383 0.26015171798304326 0.051316376617581407 0.10374832663989288
0 0.5273315484158858 0.08054439982150831 0.047969656403391264 0.10374832663989289
0 0.8346720214190094 0.1385542168674699 0.03569834895136102 0.09705488621151269
0 0.8475011155734048 0.17146363230700581 0.045738509593931234 0.08478357875948238
0 0.9088576528335566 0.17146363230700581 0.030120481927710857 0.10932619366354303
0 0.9395359214636324 0.19154395359214638 0.04462293618920133 0.09593931280678268
0 0.822400713966979 0.2278000892458724 0.03569834895136102 0.08143685854529226
0 0.8346720214190093 0.21552878179384208 0.060240963855421714 0.10151717983043285
0 0.26572958500669347 0.5713966979027221 0.09593931280678274 0.10821062025881298
0 0.1921017402945114 0.5072512271307452 0.07362784471218208 0.10709504685408307
0 0.23839803659080772 0.48159303882195453 0.07251227130745196 0.12048192771084343
0 0.2908299866131192 0.4553770638107988 0.06358768406961175 0.11490406068719326
0 0.3689201249442214 0.37115127175368146 0.07474341811691208 0.1137884872824632
