0 0.610511302947998 0.8364082336425781 0.09330806732177735 0.09290409088134766
0 0.8033892631530761 0.682342529296875 0.06711158752441407 0.13367462158203125
0 0.651308536529541 0.488603401184082 0.0572871208190918 0.1222884178161621
0 0.9585421562194825 0.6956530094146729 0.07713260650634765 0.11873331069946289
0 0.7551890115767704 0.2794880246967144 0.06002998352050781 0.11188640594482421
0 0.6529630403548466 0.2909431295275741 0.051476478576660156 0.11884984970092774
0 0.7138900756835938 0.7629845857620239 0.059843826293945315 0.12805323600769042
0 0.7550169467926026 0.7415452480316163 0.0859309196472168 0.15290460586547852
0 0.49140591621398927 0.8352229833602905 0.10884571075439453 0.1263205051422119
0 0.5224752426147461 0.4192258358001709 0.06688566207885742 0.11864690780639649
0 0.9634881019592285 0.4680286407470703 0.06260356903076172 0.11632318496704101
0 0.9497419357299804 0.23753845691680908 0.042120742797851565 0.11691517829895019
0 0.4837504863739014 0.45503664016723633 0.06927690505981446 0.11793661117553711
0 0.5256005764007569 0.5468393325805664 0.06320810317993164 0.12138757705688477
0 0.5677927970886231 0.5231115341186523 0.05268430709838867 0.10504007339477539
0 0.45220217704772947 0.8573142051696777 0.09216823577880859 0.10636863708496094
0 0.9808398723602295 0.41658778190612794 0.03832025527954101 0.10321588516235351
0 0.7429154978006983 0.21554044051023533 0.04694709777832031 0.09462568759918213
0 0.9368140220642089 0.21415786147117616 0.046489524841308597 0.13136359453201293
0 0.530822553841039 0.06701341186787657 0.03429420512470495 0.09734310040525541
0 0.7055307248935588 0.1713575702275298 0.036228785797827304 0.07160882206167403
0 0.5507585899152164 0.08612226684515845 0.04127621597501119 0.09259259259259257
0 0.6829540383757252 0.25345827755466316 0.05354752342704143 0.11267291387773315
0 0.6584114234716645 0.2216644355198572 0.049085229808121376 0.10263275323516288
0 0.7889335118250781 0.2428603302097278 0.049085229808121376 0.12271307452030342
0 0.7281347612672915 0.1385542168674699 0.03904506916555096 0.08366800535475233
0 0.7593708165997323 0.17313699241410088 0.04350736278447121 0.09036144578313252
0 0.3493975903614458 0.18987059348505134 0.08032128514056225 0.11267291387773312
0 0.06715751896474798 0.533467202141901 0.10709504685408301 0.13498438197233378
0 0.1117804551539492 0.4960954930834449 0.09593931280678268 0.12494422132976347
0 0.1647701918786257 0.47768853190539934 0.09705488621151274 0.13275323516287377
0 0.20827755466309691 0.42637215528781797 0.08589915216421241 0.1193663543061134
0 0.24676483712628303 0.2964078536367693 0.06470325747434187 0.12940651494868363
0 0.20660419455600185 0.34381972333779565 0.08255243195002228 0.14390896921017404
0 0.024765729585006772 0.46095493083444894 0.051316376617581455 0.12829094154395362
0 0.07496653279785816 0.41744756804997774 0.06024096385542166 0.1104417670682731
0 0.12739848282016966 0.39792503346720215 0.07362784471218208 0.1182507809013833
0 0.13911200356983494 0.35330209727800094 0.07697456492637221 0.12048192771084337
0 0.15026773761713527 0.29752342704149937 0.07251227130745196 0.12717536813922356
0 0.20214190093708168 0.2556894243641232 0.053547523427041534 0.1037483266398929
0 0.21385542168674704 0.20381526104417677 0.07028112449799193 0.10709504685408298
0 0.033690316822847004 0.33377956269522535 0.06247211066488174 0.11490406068719321
0 0.04819277108433742 0.1597501115573405 0.05800981704596158 0.11044176706827306
0 0.08333333333333341 0.22222222222222224 0.06135653726015178 0.09482373940205267
0 0.10564480142793402 0.18652387327086126 0.072512271307452 0.108210620258813
