0 0.5386945247650147 0.43234715461730955 0.05931520462036133 0.11601276397705078
0 0.7625808715820312 0.9524400234222412 0.0615992546081543 0.09511995315551758
0 0.5936346054077148 0.06112493574619293 0.03920135498046875 0.09841358065605163
0 0.5502412796020508 0.06214501261711121 0.03507986068725586 0.10252996683120727
0 0.9770564079284668 0.4210044860839844 0.045887184143066403 0.10432987213134766
0 0.600965929031372 0.7142509937286377 0.09233760833740234 0.1188899040222168
0 0.6643252372741699 0.6237608909606933 0.0549407958984375 0.12575798034667968
0 0.8384251594543457 0.2692513704299927 0.05668182373046875 0.10951261520385742
0 0.8281072616577149 0.5997248649597168 0.07312812805175781 0.12777204513549806
0 0.626163657506307 0.284299310931453 0.04714279174804688 0.10548014640808105
0 0.6334083080291748 0.6670845508575439 0.07939777374267579 0.11883001327514649
0 0.16737778186798097 0.27989518642425537 0.10343995094299316 0.11975069046020508
0 0.22204535360689517 0.1948936635232096 0.07320313453674317 0.09316402673721316
0 0.3759265780448914 0.41285099983215334 0.06618692874908447 0.12343482971191407
0 0.41779074668884275 0.5028822422027588 0.08046903610229492 0.10108118057250977
0 0.6429975032806396 0.9195404052734375 0.11250371932983398 0.1309141159057617
0 0.9583344447857236 0.25135973382879184 0.04272651672363281 0.1086193561553955
0 0.5068159068072283 0.28778623474968806 0.06277799606323242 0.10490245819091797
0 0.09453617036342621 0.6043593406677246 0.11345017552375794 0.099310302734375
0 0.5448624169384991 0.2674892001681858 0.05923528671264648 0.10950565338134766
0 0.5973258972167969 0.9531668663024903 0.0625330924987793 0.09231891632080078
0 0.01733579282407409 0.4592624063845034 0.03582899305555559 0.12215617850974748
0 0.8317202462090386 0.22069231669108072 0.04147319793701172 0.0890420913696289
0 0.6723268420607955 0.24904460046026441 0.044554710388183594 0.10684524774551392
0 0.047801098227500914 0.6429110527038574 0.09560219645500183 0.1199080467224121
0 0.12513766288757325 0.3032891035079956 0.07333505153656006 0.11127758026123047
0 0.6103875389805546 0.2225193595444715 0.03595158259073893 0.1097211188740201
0 0.4215706706047058 0.38104900121688845 0.07395927906036377 0.12233984470367432
0 0.9466869212962963 0.22366898148148154 0.03797743055555555 0.10525173611111113
0 0.8454137731481481 0.19509548611111116 0.03219039351851852 0.09295428240740744
0 0.6613136574074074 0.16814959490740744 0.033637152777777776 0.08318865740740741
0 0.6128472222222222 0.17719184027777782 0.04014756944444445 0.07957175925925926
0 0.6352719907407407 0.15060763888888892 0.035807291666666664 0.087890625
0 0.5329137731481481 0.22728587962962968 0.05172164351851852 0.08138020833333336
0 0.45533130787037035 0.4690755208333333 0.0600405092592592 0.10923032407407403
0 0.06434461805555558 0.4224175347222222 0.09403935185185185 0.1063368055555555
0 0.09617332175925929 0.39474826388888895 0.10199652777777778 0.11899594907407407
0 0.04372829861111114 0.3636429398148149 0.0853587962962963 0.10235821759259259
0 0.07049334490740744 0.32367621527777785 0.09403935185185185 0.10199652777777778
0 0.07591869212962965 0.23542390046296302 0.07233796296296297 0.07740162037037039
0 0.0279947916666667 0.25585937500000006 0.054615162037037035 0.06401909722222225
0 0.06814236111111113 0.1983506944444445 0.06257233796296297 0.06908275462962965
0 0.025119357638888905 0.18442201967592592 0.05023871527777781 0.0947699652777778
