0 0.7594371318817139 0.5648813724517823 0.07628107070922852 0.13597650527954103
0 0.5351990699768067 0.681387186050415 0.06771774291992187 0.12142038345336914
0 0.4835141658782959 0.40790910720825196 0.0609344482421875 0.12476043701171875
0 0.5614807438924875 0.27329460096806085 0.06603374481201171 0.10462136268615722
0 0.6078503131866455 0.045546597242355345 0.03504610061645508 0.08881453275680543
0 0.12591863394528294 0.25787860966324544 0.08719766139984131 0.11891169548034668
0 0.7240993022918701 0.9412058830261231 0.07245426177978516 0.0897287368774414
0 0.9671535491943359 0.4200823903083801 0.04475536346435547 0.09951474666595458
0 0.44129185676574706 0.27495276927948 0.06595449447631836 0.11358304023742676
0 0.022796742525658213 0.6003377096188064 0.04733377956269533 0.10585167983556003
0 0.5766868114471435 0.6358962059020996 0.0711939811706543 0.13450469970703124
0 0.5734808921813965 0.045655010640621184 0.03600101470947266 0.0886997252702713
0 0.886804833427065 0.2336399989381319 0.04115219116210937 0.10981884002685546
0 0.8496211051940918 0.9811339378356934 0.06151657104492188 0.03773212432861328
0 0.9190032005310058 0.8564169883728028 0.05677032470703125 0.09678859710693359
0 0.6749223709106446 0.985197639465332 0.05256671905517578 0.028213691711425782
0 0.10341663360595703 0.69046049118042 0.10491058826446534 0.1323920249938965
0 0.3952056527137756 0.4579309940338135 0.068320631980896 0.12388820648193359
0 0.3639751195907593 0.35762035846710205 0.08109040260314941 0.11569447517395019
0 0.48010710382610505 0.26937671850324474 0.057055187225341794 0.12627806663513183
0 0.6079519271850586 0.5949528694152832 0.07096366882324219 0.12486820220947266
0 0.15195368230342865 0.6407119274139405 0.11250279545783996 0.09533929824829102
0 0.7687991194829299 0.2989844789147536 0.04626169204711914 0.11202278137207031
0 0.06622885763645173 0.2988829374313354 0.0870987594127655 0.11571612358093261
0 0.15810747146606446 0.198015296459198 0.06751711368560791 0.0984809160232544
0 0.6264669055759986 0.2403523869410204 0.06975078582763672 0.11951727867126462
0 0.3244610786437988 0.39277048110961915 0.06658401489257812 0.11187191009521484
0 0.7686737661540428 0.23237626453639673 0.044441938400268555 0.0988776683807373
0 0.9077420794288265 0.25792057117358325 0.043507362784471426 0.108210620258813
0 0.7894912985274432 0.21441320838911204 0.047969656403391264 0.13498438197233378
0 0.3415885765283356 0.4793618920124945 0.06470325747434176 0.11378848728246324
0 0.4732262382864793 0.22835787594823742 0.06024096385542166 0.12717536813922356
0 0.5379294957608212 0.21497099509147705 0.04685408299866135 0.10932619366354307
0 0.568607764390897 0.18987059348505134 0.04573850959393145 0.11490406068719324
0 0.5953815261044177 0.1558456046407854 0.04127621597501119 0.10486390004462291
0 0.6143462739848283 0.18317715305667118 0.05243195002231152 0.10151717983043282
0 0.026885319053993793 0.4084281570727354 0.05377063810798759 0.09278224007139668
0 0.04317269076305229 0.37505577867023654 0.07697456492637215 0.11267291387773312
0 0.03078982597054889 0.3208444890673806 0.06157965194109778 0.09168897813476128
0 0.024654172244533718 0.2293786256135654 0.049308344489067436 0.10505354752342708
