0 0.43049097061157227 0.38420283794403076 0.06622238159179687 0.1230618953704834
0 0.6908023834228516 0.520558214187622 0.07565546035766602 0.12396345138549805
0 0.4912720680236816 0.2868593454360962 0.06310272216796875 0.10171208381652833
0 0.9596462249755859 0.41685099601745607 0.04325580596923828 0.10497617721557617
0 0.8263211250305176 0.8024993896484375 0.07582378387451172 0.10682144165039062
0 0.5969221115112304 0.04509828686714172 0.04060211181640625 0.08925631046295165
0 0.5435082912445068 0.5644996643066407 0.06778440475463868 0.13422822952270508
0 0.36716747283935547 0.2705680370330811 0.05950784683227539 0.10373954772949219
0 0.46939382553100584 0.20521724224090576 0.0449824333190918 0.10255184173583984
0 0.27533185482025146 0.46746230125427246 0.08231558799743652 0.11547918319702148
0 0.7115085473075502 0.31165987584591975 0.052034950256347655 0.11154780387878419
0 0.8491854486376086 0.2752593154728492 0.047419166564941405 0.10884613990783691
0 0.1834839403629303 0.7186971664428711 0.11987503767013549 0.11945228576660157
0 0.48097977638244627 0.6525936126708984 0.07685470581054688 0.13045101165771483
0 0.057705032825469973 0.6063692092895507 0.09974076747894287 0.09931859970092774
0 0.10516617298126221 0.19554251432418823 0.06410415172576904 0.08714158535003662
0 0.5525334255017644 0.23248469398948346 0.06673145332489623 0.12338402567565152
0 0.01919112503528595 0.3762316584587097 0.03691651821136475 0.07081339359283448
0 0.5239508152008057 0.6239861488342285 0.0793532371520996 0.13284149169921874
0 0.4014653358593524 0.26410041617155605 0.06084434986114502 0.10651702880859375
0 0.7975052833557129 0.9767619609832764 0.060564422607421876 0.04647607803344726
0 0.323093843460083 0.42524834871292116 0.08544611930847168 0.12859742641448973
0 0.27211894989013674 0.3645425796508789 0.061905622482299805 0.10590639114379882
0 0.21011788845062257 0.6977035999298096 0.08963079452514648 0.1083024024963379
0 0.04111717343330383 0.28310546875 0.08223434686660766 0.12362070083618164
0 0.7133236680164874 0.2595034827828567 0.06190967559814453 0.12809348106384277
0 0.3122913360595703 0.3717459440231323 0.08687820434570312 0.1585475444793701
0 0.08746431767940521 0.2565340995788574 0.08412821888923645 0.11994075775146484
0 0.8296519410977242 0.24397590361445784 0.061356537260151826 0.12271307452030342
0 0.7325970548862116 0.21831771530566715 0.047969656403391264 0.1137884872824632
0 0.4196787148594378 0.2238955823293173 0.05800981704596169 0.10263275323516288
0 0.5239848282016958 0.19712182061579656 0.05689424364123157 0.1137884872824632
0 0.5635876840696119 0.17536813922356095 0.049085229808121376 0.09928603302097277
0 0.5423917893797412 0.1597501115573405 0.05800981704596169 0.11936635430611331
