0 0.5835916042327881 0.45653109550476073 0.08437585830688477 0.11204900741577148
0 0.6193635940551758 0.2212209165096283 0.03587541580200195 0.10143224000930787
0 0.33622791767120364 0.3507493257522583 0.06992692947387695 0.1184354305267334
0 0.9633131375327699 0.41304087162762554 0.04515972137451172 0.10581719875335693
0 0.336076512426098 0.8281743787963813 0.09357656015449746 0.13760712439329795
0 0.7414427242338629 0.27131345508248605 0.04418497085571289 0.10643434524536122
0 0.4377647126056104 0.19315407216575517 0.055305023695517264 0.10585299038238041
0 0.6752201080322265 0.7066994190216065 0.07295303344726563 0.11321611404418945
0 0.587531328201294 0.31117591042967574 0.06078386306762695 0.14666962623596191
0 0.4365979414015995 0.2506767308563061 0.0636892318725586 0.10999971628189087
0 0.449083948135376 0.5170812606811523 0.07723093032836914 0.13107385635375976
0 0.22326194668709834 0.3170384793236872 0.08201546669006347 0.12646665573120117
0 0.43781557083129885 0.571558952331543 0.08743162155151367 0.1489593505859375
0 0.02954596162427492 0.23616688978134764 0.05514279339580552 0.1494868362338242
0 0.18155462741851808 0.6678382873535156 0.07603864669799805 0.09251337051391602
0 0.23191232681274415 0.40981167554855347 0.08086457252502441 0.09889376163482666
0 0.1827220320701599 0.4318742275238037 0.09893972873687744 0.12293853759765624
0 0.3397390842437744 0.19923727512359618 0.06549544334411621 0.10158739089965821
0 0.3506459712982178 0.2816589832305908 0.08100771903991699 0.10742383003234864
0 0.1731541395187378 0.34030044078826904 0.07108063697814941 0.08950333595275879
0 0.401626443862915 0.5927799224853516 0.08007259368896484 0.13247642517089844
0 0.9843379020690918 0.6783099174499512 0.031072044372558595 0.10971708297729492
0 0.2815496587902242 0.2625669131264097 0.06877298355102539 0.10098342895507813
0 0.38676929941990185 0.7710843373493976 0.07028112449799193 0.10821062025881298
0 0.7426372155287818 0.23393574297188757 0.059125390450691595 0.10263275323516288
0 0.6020749665327979 0.2657295850066934 0.059125390450691595 0.12382864792503344
0 0.4782463186077644 0.17425256581883092 0.052431950022311366 0.10597947344935295
0 0.4553770638107988 0.1658857652833557 0.05577867023650151 0.10932619366354304
0 0.24007139669790278 0.2562472110664882 0.07139669790272204 0.10709504685408301
0 0.3036590807675145 0.21775992860330212 0.05800981704596169 0.10597947344935295
