0 0.21865181922912597 0.50399751663208 0.08890595436096191 0.12200565338134765
0 0.8978428840637207 0.541336965560913 0.061372566223144534 0.10780916213989258
0 0.5352813766413005 0.2546010393073097 0.0680546760559082 0.11791812181472788
0 0.9741805076599122 0.4150237441062927 0.046035385131835936 0.10188934803009034
0 0.7139907836914062 0.5178301811218262 0.06618700027465821 0.11261959075927734
0 0.9755744934082031 0.6603092193603516 0.04885101318359375 0.1035792350769043
0 0.382819676399231 0.23935701847076415 0.06513867378234864 0.1060112476348877
0 0.264588675212775 0.46998094375619714 0.0914263464094857 0.14816841146127827
0 0.3816914319992065 0.5571846008300781 0.06747603416442871 0.10510463714599609
0 0.47704339027404785 0.8362533569335937 0.06665372848510742 0.10208377838134766
0 0.8055992920980662 0.9778558679161089 0.07126105630679726 0.04428826416778217
0 0.326562762260437 0.2863528966903687 0.056995058059692384 0.10410332679748535
0 0.36773056983947755 0.3564219355583191 0.08706588745117187 0.13543035984039306
0 0.34346637725830076 0.2398477613925934 0.04150233268737793 0.08866089582443237
0 0.6552412509918213 0.41635704040527344 0.09308719635009766 0.10367937088012695
0 0.27680876009484573 0.424726137666133 0.08701472556894242 0.11044176706827305
0 0.8051093261936637 0.9445560017849175 0.08366800535475229 0.09147701918786258
0 0.21218206157965194 0.30142793395805445 0.07585899152164209 0.1104417670682731
0 0.13855421686746994 0.3136992414100848 0.0758589915216422 0.11713520749665328
0 0.12907184292726467 0.2724230254350737 0.052431950022311415 0.08813029897367246
0 0.18708165997322632 0.24843819723337798 0.06581883087907188 0.10040160642570281
0 0.25457385095939317 0.23895582329317272 0.07362784471218208 0.108210620258813
0 0.29640785363676936 0.20381526104417674 0.0591253904506917 0.08255243195002232
0 0.2740963855421687 0.17481035252119592 0.06135653726015172 0.09370816599732264
0 0.04205711735832225 0.05377063810798755 0.05020080321285139 0.07697456492637215
0 0.040272199910754154 0.37450356983489513 0.08054439982150831 0.12493306559571622
0 0.05209727800089249 0.3226238286479251 0.07920571173583218 0.11267291387773318
0 0.022423025435073667 0.27000780901383314 0.044846050870147335 0.09742302543507367
0 0.09839357429718881 0.23058902275769746 0.0847835787594824 0.09147701918786255
0 0.0619553376906318 0.1511437908496732 0.05219680464778503 0.046296296296296294
0 0.0996278140885984 0.202659767610748 0.08306100217864922 0.08306100217864924
0 0.05355846042120551 0.2271695715323166 0.08169934640522876 0.11120188816267247
0 0.044026870007262166 0.2380628177196805 0.08623819898329702 0.09940087145969495
0 0.5621368917937546 0.22467320261437906 0.057643427741466954 0.09803921568627451
