0 0.7637320518493652 0.5669070243835449 0.06955270767211914 0.11141757965087891
0 0.9525720596313476 0.412442684173584 0.04882678985595703 0.1118734359741211
0 0.3808876037597656 0.30183145999908445 0.04720125198364258 0.10496420860290527
0 0.6868202686309814 0.4675265312194824 0.05667791366577148 0.10049114227294922
0 0.8241937637329102 0.17603392601013185 0.053220176696777345 0.09085335731506347
0 0.4919239044189453 0.438907527923584 0.06443061828613281 0.11274614334106445
0 0.1728944554492758 0.5524314517796121 0.1013270378112793 0.11231355667114258
0 0.5481266498565673 0.2404231071472168 0.051986312866210936 0.11684641838073731
0 0.4494941234588623 0.31311280727386476 0.042030620574951175 0.09168367385864258
0 0.2783820152282715 0.30237815380096433 0.06117568016052246 0.10676965713500977
0 0.216143007721238 0.34348386092910316 0.08325486183166504 0.11232833862304688
0 0.7543226718902588 0.9723814964294434 0.06796503067016602 0.05523700714111328
0 0.018722474575042725 0.33123695850372314 0.03656350374221802 0.09187140464782714
0 0.08842603117227554 0.4440534472465515 0.09250437915325165 0.13026506900787355
0 0.39602731575072614 0.23588455480973813 0.05607945919036865 0.10923547744750964
0 0.15787774324417114 0.3880383610725403 0.10017664432525634 0.10823876857757568
0 0.8264580767051496 0.888779291049118 0.09228688094936165 0.1093301126649474
0 0.8113636016845703 0.8270883798599243 0.06400699615478515 0.10684695243835449
0 0.02733589740319081 0.2252382907186601 0.05611073970794678 0.11929845809936518
0 0.18833870101986047 0.4911433172302737 0.10601180891035963 0.09259259259259259
0 0.12157809983896944 0.4183440687063875 0.08252818035426733 0.13083735909822863
0 0.21953837895866884 0.29086151368760066 0.04898013955984971 0.08923778851315081
0 0.18431293612453034 0.26201019860440145 0.056360708534621586 0.09057971014492752
0 0.18464841653247455 0.2365136876006441 0.0516639828234031 0.09594739667203435
0 0.21786097691894796 0.22175254965110036 0.06038647342995168 0.09863123993558773
0 0.09440418679549117 0.23248792270531402 0.06843800322061191 0.09728931830381103
0 0.13231347289318304 0.21705582393988188 0.07179280730005368 0.10131508319914118
0 0.13533279656468064 0.1724369296833064 0.07112184648416534 0.0952764358561459
0 0.40103327965646807 0.20330112721417065 0.05099302200751476 0.09930220075147612
