0 0.6826617701893631 0.2037812980604761 0.0592529296875 0.12145328521728521
0 0.1713578852606409 0.29752851793682245 0.0818061113357544 0.12582101821899414
0 0.36190121022158306 0.22527211301686756 0.06854248046875 0.10920342206954951
0 0.9415315628051758 0.22979297637939453 0.053796577453613284 0.09661626815795898
0 0.3841646432876587 0.29303975105285646 0.0664527416229248 0.10365338325500488
0 0.8172767877578735 0.20769543647766114 0.04906783103942871 0.09852228164672852
0 0.8863595962524414 0.25513858795166017 0.04590110778808594 0.10507473945617676
0 0.6747034072875977 0.6362175464630127 0.04487466812133789 0.08267154693603515
0 0.4934802532196045 0.529718017578125 0.0731358528137207 0.10006561279296874
0 0.6417282581329345 0.7024317741394043 0.08625030517578125 0.10011272430419922
0 0.5739481449127197 0.7534909009933471 0.05713090896606445 0.10428051948547364
0 0.6900050640106201 0.5667711734771729 0.0644862174987793 0.10120878219604493
0 0.4071906089782715 0.2871031522750854 0.04735298156738281 0.10020585060119629
0 0.8622892379760743 0.23048241138458253 0.054827117919921876 0.11054682731628418
0 0.5122360706329345 0.492781400680542 0.06218385696411133 0.10338459014892579
0 0.6413832664489746 0.8689794540405273 0.05847597122192383 0.11016120910644531
0 0.6203938007354737 0.901186180114746 0.07994823455810547 0.11396675109863282
0 0.673989200592041 0.8119087219238281 0.06478309631347656 0.08881874084472656
0 0.15099715099715097 0.34330484330484323 0.08547008547008554 0.11396011396011398
0 0.3355887939221272 0.2507122507122507 0.06528964862298199 0.10208926875593541
0 0.9326923076923075 0.23231244064577397 0.03679962013295334 0.14126305792972463
0 0.9332858499525165 0.167022792022792 0.04273504273504277 0.07241215574548908
0 0.6727207977207976 0.1759259259259259 0.05816714150047472 0.10683760683760682
