0 0.8889728546142578 0.39310781955718993 0.0538970947265625 0.10763468742370605
0 0.6407149314880372 0.4970362186431885 0.06414155960083008 0.11157827377319336
0 0.8888027191162109 0.7677834510803223 0.06154499053955078 0.11758365631103515
0 0.7061811447143554 0.19364251494407653 0.053203582763671875 0.09695903062820435
0 0.47280564308166506 0.30591859817504885 0.0756082534790039 0.10066108703613282
0 0.6382941246032715 0.3109742164611816 0.06783227920532227 0.10037040710449219
0 0.346725606918335 0.394497275352478 0.08009672164916992 0.11115736961364746
0 0.7080663299560547 0.849844772197582 0.10016363638418703 0.14771786301224307
0 0.5593082904815674 0.42549781799316405 0.05137510299682617 0.1083296775817871
0 0.3872882127761841 0.530762004852295 0.08034090995788574 0.10844936370849609
0 0.574071741104126 0.2713583707809448 0.052651405334472656 0.0985367774963379
0 0.3016780376434326 0.10966336727142334 0.054157161712646486 0.09350457191467285
0 0.309122832969383 0.19468234892244696 0.06252002716064453 0.10620255470275884
0 0.4139419436454773 0.281218147277832 0.0524552583694458 0.09971723556518555
0 0.4542252540588379 0.17138827443122864 0.047403812408447266 0.07594722509384155
0 0.6781481481481483 0.7707407407407407 0.06518518518518517 0.13407407407407404
0 0.29518518518518516 0.23296296296296298 0.06370370370370372 0.10592592592592594
0 0.036696623093681977 0.4710648148148149 0.06535947712418301 0.099400871459695
0 0.0391135620915033 0.39641203703703703 0.0782271241830066 0.12615740740740747
0 0.06495098039215691 0.3675789760348584 0.09599673202614377 0.11437908496732023
0 0.1095452069716776 0.33523965141612205 0.10757080610021785 0.11097494553376903
0 0.03941993464052293 0.29166666666666674 0.04765795206971677 0.10961328976034858
0 0.07346132897603491 0.2841775599128541 0.05855119825708061 0.10280501089324622
0 0.07278050108932467 0.2559232026143791 0.04357298474945532 0.10348583877995642
0 0.09320533769063186 0.23515795206971682 0.0721677559912854 0.11369825708061004
0 0.13609749455337697 0.20588235294117652 0.06399782135076251 0.10688997821350762
0 0.030909586056644938 0.20928649237472768 0.051062091503267966 0.09872004357298472
0 0.04554738562091509 0.1783088235294118 0.06263616557734206 0.09940087145969498
