0 0.14879817366600037 0.46746201515197755 0.10413790941238403 0.1123133659362793
0 0.6998966217041016 0.3644775986671448 0.05764923095703125 0.10080039501190186
0 0.404117739200592 0.3917773365974426 0.07423970699310303 0.10656239986419677
0 0.3311817407608032 0.3406261920928955 0.05649423599243164 0.1047830581665039
0 0.7756174564361572 0.42953006029129026 0.07416296005249023 0.10820443630218506
0 0.46348137855529786 0.21734473705291749 0.054518508911132815 0.09720010757446289
0 0.4037103772163391 0.5744406700134277 0.12353150844573975 0.11082630157470703
0 0.535414743423462 0.10959391295909882 0.048897838592529295 0.09864359498023986
0 0.8432723999023437 0.24459882378578185 0.04374370574951172 0.09108990430831909
0 0.12959089643425414 0.5942659526996876 0.10271021962591388 0.13833110218652384
0 0.9780598640441894 0.25142345428466795 0.04363269805908203 0.09501729011535645
0 0.9255501747131347 0.20314366817474366 0.0508575439453125 0.08743023872375488
0 0.38183208703994753 0.2724819898605347 0.045226645469665525 0.11257495880126953
0 0.8887609057530712 0.6837260050520414 0.06787052154541015 0.12352819442749023
0 0.4115970492362976 0.26242053508758545 0.0607468843460083 0.11740107536315918
0 0.4677915096282959 0.7017210006713868 0.07868309020996093 0.10850353240966797
0 0.46794424057006834 0.7487112760543824 0.09166488647460938 0.12200913429260254
0 0.8034292221069336 0.21197662353515626 0.030328369140625 0.07801122665405273
0 0.13122775790841387 0.301869271664362 0.08686203956604004 0.1495053291320801
0 0.8110347509384155 0.23577844500541686 0.0502983570098877 0.09355536699295045
0 0.29473449352967435 0.19600624721106652 0.07585899152164209 0.11601963409192324
0 0.9172244533690317 0.6349843819723339 0.049085229808121376 0.12159750111557344
0 0.09393128067826866 0.6450245426149042 0.11378848728246314 0.11713520749665328
0 0.09225792057117367 0.21162427487728694 0.06804997768853195 0.09593931280678271
0 0.11178045515394917 0.19042838018741634 0.07585899152164209 0.09370816599732261
