0 0.6470667839050293 0.3665472030639648 0.05976781845092773 0.10449180603027344
0 0.17495723962783813 0.5417653083801269 0.13605029582977296 0.1069462776184082
0 0.4777183880820865 0.2916814374476871 0.06409063339233398 0.13508119583129882
0 0.404345703125 0.22242579460144044 0.057135581970214844 0.10624637603759765
0 0.24686753749847412 0.4576219081878662 0.07654662132263183 0.10518627166748047
0 0.338665771484375 0.371150815486908 0.09120845794677734 0.1220547914505005
0 0.8960993766784668 0.20541983246803283 0.037433815002441403 0.09958456754684449
0 0.9658575057983398 0.21895408630371094 0.05255470275878906 0.08719372749328613
0 0.12421377897262573 0.6822997570037842 0.08727684020996093 0.10377674102783203
0 0.5880180358886719 0.10768375396728516 0.035448646545410155 0.09388527870178223
0 0.16710939407348632 0.6507905483245849 0.09641041755676269 0.10890169143676758
0 0.8312808490022917 0.6689618467912244 0.07849483489990235 0.13947553634643556
0 0.8481794357299804 0.3905369997024536 0.05056495666503906 0.10917744636535645
0 0.28413753509521483 0.3086916208267212 0.05581068992614746 0.08306927680969238
0 0.10941578515907947 0.2556894243641232 0.09174406555868181 0.10597947344935295
0 0.40092696286588303 0.7524399365872371 0.08560607433319092 0.1601734161376953
0 0.30423603057861326 0.20178013443946838 0.07789549827575684 0.08570517301559448
0 0.8642347166443552 0.6215975011155734 0.0591253904506918 0.13052208835341364
0 0.4882864792503347 0.2462070504239179 0.06804997768853195 0.13163766175814365
0 0.41577420794288267 0.6868585452922804 0.09928603302097277 0.12940651494868363
0 0.03982597054886217 0.21552878179384205 0.05466309683177155 0.09036144578313254
0 0.06994645247657302 0.1921017402945114 0.06581883087907188 0.09259259259259259
