0 0.5917733192443848 0.367513632774353 0.06461753845214843 0.10222954750061035
0 0.9195053100585937 0.35951077938079834 0.05751667022705078 0.11585583686828613
0 0.35623483657836913 0.45180501937866213 0.08361129760742188 0.09806394577026367
0 0.6417523860931397 0.10815031826496124 0.044830703735351564 0.10171698927879333
0 0.35674147605895995 0.7107021808624268 0.08335695266723633 0.12920198440551758
0 0.7812055110931396 0.6398176670074462 0.0548670768737793 0.11590499877929687
0 0.34522444104999367 0.23170357822627163 0.0768815040588379 0.09923855066299439
0 0.5477568512141625 0.2764527957096849 0.05866308212280273 0.12541388273239135
0 0.10957129001617431 0.2551879405975342 0.09929788112640381 0.10241127014160156
0 0.17798810143760146 0.7530797755595884 0.09069938837870166 0.14359819458191656
0 0.37973437309265134 0.6558305263519287 0.0806584358215332 0.11980133056640625
0 0.2908132008812567 0.3490079226742786 0.0880967275099475 0.12974275297907942
0 0.8059465408325195 0.5936761856079101 0.06025352478027344 0.09784364700317383
0 0.9553976058959961 0.19592894315719606 0.03818092346191406 0.09005448818206788
0 0.08624457083792086 0.23531058550625722 0.13680917620658875 0.13625884056091336
0 0.22222222222222227 0.7030343596608658 0.08255243195002238 0.12382864792503347
0 0.5713966979027221 0.23672467648371265 0.05577867023650166 0.09482373940205262
0 0.2456492637215529 0.29027219991075415 0.08255243195002228 0.10597947344935295
0 0.286925479696564 0.2004685408299866 0.07362784471218208 0.09147701918786255
0 0.023092369477911726 0.19600624721106652 0.03904506916555106 0.1182507809013833
