0 0.460444974899292 0.4353529453277588 0.07392578125 0.10572443008422852
0 0.5299262046813965 0.36555459499359133 0.05794858932495117 0.10125727653503418
0 0.6384481931730626 0.26565599989295186 0.06523475646972657 0.12906060218811036
0 0.723494577407837 0.6126184940338135 0.04961347579956055 0.10833625793457032
0 0.28770980834960935 0.7359885215759278 0.08557214736938476 0.10090055465698242
0 0.6931635856628418 0.1260807752609253 0.03825950622558594 0.0865769624710083
0 0.2525957107543945 0.7786427974700928 0.08250322341918945 0.10885534286499024
0 0.2916453095475684 0.2390842380673027 0.073936128616333 0.10808010101318362
0 0.75877366065979 0.5733675003051758 0.054357051849365234 0.10525979995727539
0 0.022615529596805573 0.2900193929672241 0.045231059193611145 0.09277806282043458
0 0.3474414095322937 0.6240697637159973 0.08111233711242676 0.12795677185058593
0 0.23550514578819276 0.3190281867980957 0.09803100824356079 0.12624673843383788
0 0.965856019093934 0.6510980541858609 0.056568336486816403 0.12686939239501954
0 0.986577844619751 0.31769399642944335 0.026844310760498046 0.1191023826599121
0 0.740106725692749 0.593838119506836 0.06405267715454102 0.13183269500732422
0 0.18737836480140685 0.268259334564209 0.05252393484115601 0.09582343101501464
0 0.21275184154510499 0.25801188945770265 0.0666048526763916 0.09502615928649902
0 0.038152626156806944 0.20345890522003174 0.07630525231361389 0.09511103630065917
0 0.6415236374585968 0.22583559168925024 0.039897621198434235 0.1038843721770551
0 0.30088828666064443 0.6782595603733815 0.10237880156579343 0.11141222523336348
0 0.9833333333333333 0.5929713804713804 0.03148148148148148 0.1270202020202021
0 0.29921700223713643 0.2041387024608501 0.067735520755655 0.11247825006214267
