0 0.49133876847773994 0.35301046561896937 0.059670543670654295 0.09631109237670898
0 0.9694629669189453 0.848270034790039 0.05945644378662109 0.11809883117675782
0 0.5486433506011963 0.4064394474029541 0.05051126480102539 0.11502599716186523
0 0.7477792263031006 0.1294394016265869 0.04606409072875976 0.09573221206665039
0 0.6780841932505277 0.5860730285465797 0.07548236846923828 0.12190742492675781
0 0.23763623237609863 0.2275248110294342 0.06944684982299805 0.09851711988449097
0 0.7174601335495723 0.2533219637587793 0.05100469589233399 0.1231466293334961
0 0.9201569557189941 0.5961452960968018 0.05702190399169922 0.12378892898559571
0 0.2660559892654419 0.6412866115570068 0.09186301231384278 0.11656751632690429
0 0.31905604650377434 0.26715380069614786 0.0860567569732666 0.12188435792922973
0 0.30656847953796384 0.5957478523254395 0.10509228706359863 0.10762233734130859
0 0.9383382797241211 0.5747580528259277 0.06140575408935547 0.13994855880737306
0 0.3787984371185303 0.7848520517349243 0.12418937683105469 0.12413783073425293
0 0.3401893138885498 0.8031452894210815 0.0866239070892334 0.08896584510803222
0 0.014215490221977234 0.19244300127029418 0.02843098044395447 0.07734577655792237
0 0.12201392590158619 0.29397075592525423 0.08611086010932922 0.13557286262512208
0 0.7013609995537707 0.5468540829986613 0.04796965640339147 0.11713520749665328
0 0.7180946006247212 0.21552878179384205 0.045738509593931234 0.11713520749665325
0 0.29808121374386437 0.20046854082998664 0.08701472556894242 0.11601963409192322
0 0.19565696649029982 0.3166335978835979 0.08156966490299825 0.10196208112874777
0 0.15156525573192242 0.24388227513227514 0.05291005291005291 0.08763227513227513
