0 0.12941556459138884 0.29296232854765253 0.09634811878204345 0.12717070579528808
0 0.6083333015441894 0.18573882579803466 0.058678722381591795 0.11980137825012208
0 0.8821451187133789 0.24812874794006348 0.036267852783203124 0.09832601547241211
0 0.5352019309997559 0.6760606288909912 0.07047691345214843 0.10847997665405273
0 0.8119572639465332 0.25643172264099123 0.05233345031738281 0.09974174499511719
0 0.4801172733306885 0.7170278072357178 0.07021532058715821 0.09484214782714843
0 0.27735629081726076 0.23393681645393372 0.08336858749389649 0.09011520147323608
0 0.5523124011946314 0.8345600954374583 0.10713977813720703 0.13188529014587402
0 0.4357788562774658 0.3123965263366699 0.0590606689453125 0.09222831726074218
0 0.6118212223052979 0.5322461128234863 0.05894060134887695 0.10086803436279297
0 0.4250329876217747 0.44547891920221944 0.07545709609985352 0.12373456954956055
0 0.5765779495239258 0.6176246166229248 0.06334438323974609 0.1131277084350586
0 0.47583751678466796 0.3065774440765381 0.06806774139404297 0.09284110069274902
0 0.7618345737457275 0.2158135950565338 0.039000415802001955 0.09830859899520875
0 0.5927752017974853 0.7892157554626464 0.07867813110351562 0.09531135559082031
0 0.8644889831542969 0.19670596718788147 0.045864295959472653 0.1117730975151062
0 0.10410731244064575 0.3243114909781576 0.1175213675213675 0.10208926875593544
0 0.26258309591642925 0.2507122507122507 0.07122507122507121 0.11633428300094964
0 0.4097815764482431 0.4994064577397911 0.06647673314339973 0.11039886039886045
0 0.5249287749287749 0.8674026590693258 0.09734093067426397 0.11277302943969614
0 0.6098053181386514 0.16999050332383664 0.048670465337131985 0.10683760683760682
0 0.8003323836657169 0.2293447293447293 0.04036087369420687 0.12583095916429246
0 0.8537511870845202 0.19076448243114907 0.030864197530864126 0.12464387464387464
