0 0.5783467292785645 0.2469918191432953 0.06419391632080078 0.10556727647781372
0 0.7440647602081298 0.21253657341003418 0.037028026580810544 0.10189948081970215
0 0.8949422836303711 0.2931987762451172 0.0619293212890625 0.10545120239257813
0 0.846678638458252 0.7153451919555665 0.057559967041015625 0.12399864196777344
0 0.705214262008667 0.49230637550354006 0.06849212646484375 0.1153421401977539
0 0.4952533721923828 0.4970091819763184 0.0595794677734375 0.11831684112548828
0 0.9599960327148438 0.8126694440841675 0.060699844360351564 0.12247662544250489
0 0.7559685468673706 0.9468045234680176 0.10145878791809082 0.09706363677978516
0 0.741211986541748 0.4640228748321533 0.05204153060913086 0.12592058181762694
0 0.5291090965270996 0.47159953117370607 0.056241607666015624 0.10229597091674805
0 0.8152882337570191 0.5814350128173829 0.048174715042114256 0.10765047073364258
0 0.318282151222229 0.28681585788726804 0.06037721633911133 0.09318265914916993
0 0.07252541689782051 0.5606205910653086 0.10450720787048338 0.15863437652587892
0 0.958761242573307 0.6752397399350821 0.08288421630859374 0.11223030090332031
0 0.03519376516342163 0.3258068084716797 0.07038753032684326 0.1153451919555664
0 0.030518853664398195 0.3907795429229736 0.06103770732879639 0.1097224235534668
0 0.7264028072357178 0.9759432792663574 0.08453950881958008 0.046866989135742186
0 0.30244591236114504 0.19632529616355895 0.06614036560058593 0.09745265245437622
0 0.9679830432842483 0.7102855867916109 0.04796965640339147 0.12940651494868363
0 0.1061061061061061 0.5145145145145145 0.0970970970970971 0.1371371371371371
0 0.10035035035035035 0.3335835835835836 0.07057057057057056 0.09859859859859857
0 0.06406406406406406 0.2957957957957958 0.04004004004004004 0.09709709709709707
0 0.11511511511511512 0.2915415415415415 0.07607607607607607 0.09059059059059056
0 0.15848165238409143 0.2653446129055885 0.06156156156156156 0.09559559559559558
0 0.11359530261969288 0.22673893405600726 0.04561878952122855 0.09033423667570009
0 0.04832881662149956 0.2380307136404698 0.04968383017163505 0.0948509485094851
0 0.07181571815718157 0.21544715447154475 0.05149051490514906 0.10027100271002712
0 0.12104787714543813 0.19986449864498645 0.0813008130081301 0.10704607046070462
0 0.051942186088527555 0.16689250225835592 0.06233062330623307 0.09801264679313461
