0 0.6801326751708985 0.23619463443756103 0.06881990432739257 0.10962872505187989
0 0.8423327445983887 0.2073007583618164 0.07327156066894532 0.0992556095123291
0 0.9686126708984375 0.2663081884384155 0.05839385986328125 0.10900897979736328
0 0.7553250789642334 0.5618795871734619 0.05006074905395508 0.10565910339355469
0 0.6545510292053223 0.4700928211212158 0.056656169891357425 0.11679134368896485
0 0.4391069183707077 0.48108760069013456 0.07584123611450201 0.12227363586425807
0 0.6935905456542969 0.44091378450393676 0.05838565826416016 0.11515796184539795
0 0.8494919776916504 0.9717966079711914 0.06456832885742188 0.05549278259277344
0 0.8700692252993637 0.7928240226880082 0.09274482727050781 0.19803762435913086
0 0.21673094531425927 0.2593260968172992 0.07632530927658068 0.11347546577453613
0 0.896933991459 0.6777904238566815 0.0745758056640625 0.12265491485595703
0 0.329557204246521 0.27102069854736327 0.06542491912841797 0.11352977752685547
0 0.9313824653625489 0.0349307656288147 0.03393821716308594 0.06896567344665527
0 0.8463052749633789 0.6914698123931885 0.06298789978027344 0.1312694549560547
0 0.018067652732133864 0.5895965576171875 0.035663078725337985 0.09297447204589844
0 0.927264614011602 0.6567380633645695 0.049085229808121376 0.13163766175814365
0 0.4882864792503347 0.462628290941544 0.06358768406961181 0.13163766175814376
0 0.2918320105820106 0.18821649029982362 0.06117724867724866 0.09093915343915342
0 0.17939814814814814 0.22348985890652556 0.04464285714285715 0.09975749559082893
0 0.11188271604938273 0.24167768959435626 0.051807760141093485 0.089836860670194
0 0.1402667548500882 0.20778218694885364 0.05015432098765433 0.09810405643738979
0 0.04381613756613758 0.5357142857142857 0.0865299823633157 0.12235449735449733
0 0.05787037037037037 0.47949735449735453 0.10141093474426807 0.11463844797178134
0 0.04712301587301588 0.42713844797178135 0.07991622574955909 0.12345679012345677
0 0.07578262786596121 0.39654982363315694 0.08432539682539682 0.10526895943562611
0 0.033895502645502645 0.35907186948853614 0.052358906525573186 0.10526895943562611
0 0.08019179894179894 0.33923059964726626 0.07109788359788359 0.09314373897707234
0 0.1369598765432099 0.34171075837742504 0.05235890652557319 0.10251322751322751
0 0.15184082892416226 0.30588624338624343 0.06448412698412698 0.09369488536155204
0 0.1005842151675485 0.31167328042328046 0.05235890652557318 0.09755291005291003
0 0.04436728395061729 0.271439594356261 0.05015432098765432 0.10416666666666667
0 0.057319223985890656 0.22569444444444445 0.056216931216931214 0.09755291005291006
0 0.07385361552028219 0.17884700176366844 0.0650352733686067 0.1019620811287478
0 0.019014550264550265 0.2405753968253968 0.03582451499118166 0.10857583774250441
