0 0.7740051975794645 0.2095504240786345 0.03506412506103516 0.10934017896652225
0 0.9354589347567155 0.1958305132457929 0.050417518615722655 0.08779411315917975
0 0.7808631420135498 0.7381725072860718 0.06252756118774414 0.13564057350158693
0 0.817082405090332 0.6648189544677734 0.06690826416015624 0.1286107063293457
0 0.6103740215301514 0.4409489631652832 0.04806451797485352 0.11644763946533203
0 0.4515847206115723 0.4388274669647217 0.07233085632324218 0.1116180419921875
0 0.421381413936615 0.4606658935546875 0.07238905429840088 0.11931791305541992
0 0.8579928579419812 0.6598850197687791 0.059495735168457034 0.1286468505859375
0 0.6935601711273194 0.5402329444885254 0.04828596115112305 0.09951629638671874
0 0.6413695812225342 0.4217523455619812 0.05115289688110351 0.11530296802520752
0 0.9606422424316406 0.020902809500694276 0.02339763641357422 0.04180561900138855
0 0.8815261044176708 0.6321954484605088 0.06247211066488174 0.12717536813922362
0 0.07016649677200139 0.5963302752293578 0.10788311247026844 0.11382942575603128
0 0.029349303431872253 0.5045149507305471 0.05869860686374451 0.10717804960924224
0 0.037461773700305824 0.4642371729527693 0.06965681277607882 0.10108732585796808
0 0.02297825348284065 0.38834097859327216 0.0459565069656813 0.11186714237172947
0 0.028924566768603475 0.17393391097519537 0.05784913353720695 0.09046041454298333
0 0.11816173972137275 0.4451240231056745 0.0815494393476045 0.09853890587835547
0 0.1415222562011553 0.42176350662589196 0.07730207271491678 0.10448521916411824
0 0.14407067618076794 0.3843866802582398 0.07560312606184162 0.10108732585796808
0 0.1890927624872579 0.3555045871559633 0.07560312606184168 0.11297995242949373
0 0.1160380564050289 0.3380903839619436 0.05351681957186548 0.0951410125722052
0 0.36026163778457354 0.24889568467550116 0.04417261297995249 0.11382942575603126
0 0.26851851851851855 0.2624872579001019 0.061162079510703356 0.10193679918450561
0 0.29527692830445124 0.19495412844036697 0.055215766224940586 0.10278627251104316
0 0.24728168535507994 0.22638464152225615 0.07985049269452939 0.10788311247026845
0 0.20523275569147129 0.20472307169554876 0.06201155283724091 0.10703363914373087
0 0.2022595990485899 0.26885830784913356 0.07305470608222901 0.11467889908256881
0 0.0807849133537207 0.2387020047570506 0.05606523955147806 0.10533469249065577
0 0.12920489296636084 0.22723411484879372 0.05606523955147809 0.09259259259259256
0 0.09904858987427798 0.27310567448182127 0.05181787291879037 0.0959904858987428
0 0.13515120625212368 0.31600407747196735 0.05436629289840298 0.09853890587835541
0 0.18187223921168877 0.3036867142371729 0.06795786612300374 0.0959904858987428
