0 0.8629636764526367 0.20710389018058778 0.046437835693359374 0.10529581308364869
0 0.770264726172383 0.6380993790522265 0.05817403793334961 0.12886524200439453
0 0.6426895141601563 0.5095833301544189 0.05436840057373047 0.0988241195678711
0 0.687907349111139 0.716405404566229 0.06071691513061524 0.12015237808227539
0 0.817160589702424 0.6371482872739533 0.04630126953125 0.14129104614257812
0 0.1579697847366333 0.6346286773681641 0.12373332977294922 0.10523309707641601
0 0.405515718460083 0.23131003379821777 0.04935665130615234 0.0981978416442871
0 0.06506456285715104 0.40521873235702516 0.09965867698192596 0.13479511737823485
0 0.26980564594268797 0.2748315095901489 0.06176457405090332 0.11328282356262206
0 0.3798082709312439 0.4374010682106018 0.0728593111038208 0.12048709392547607
0 0.1826193663543062 0.4293440891716535 0.0769745649263721 0.14019624825196317
0 0.5656230926513672 0.42405452728271487 0.05778961181640625 0.1225621223449707
0 0.30159108638763427 0.09730055332183837 0.04605631828308106 0.08310332298278808
0 0.5902318954467773 0.4156327247619629 0.059125328063964845 0.13317880630493165
0 0.32783217430114747 0.2547905921936035 0.07156367301940918 0.1269547462463379
0 0.4051379203796387 0.4197534680366516 0.052365684509277345 0.11103131771087646
0 0.02668752670288086 0.4658486366271973 0.05337505340576172 0.12917346954345704
0 0.23662010741680667 0.39495041941702763 0.08930538892745972 0.11228380203247071
0 0.2004258930683136 0.23937759399414063 0.07126010656356811 0.10810546875
0 0.21794681549072265 0.21828240752220154 0.059238100051879884 0.08970786333084106
0 0.8201695671575191 0.5886880856760375 0.058009817045961476 0.1450245426149041
0 0.15361445783132538 0.4821508255243196 0.0769745649263721 0.10374832663989297
0 0.1547300312360554 0.357206604194556 0.07028112449799204 0.10374832663989293
0 0.1547300312360554 0.249553770638108 0.05020080321285139 0.10709504685408301
0 0.1837349397590362 0.2729808121374387 0.0591253904506917 0.10709504685408298
0 0.2294734493529675 0.3248549754573851 0.09482373940205262 0.11044176706827305
0 0.29138777331548427 0.19656403391343155 0.08032128514056225 0.10821062025881302
