0 0.8003527641296386 0.1934725522994995 0.04511699676513672 0.10274615287780761
0 0.6276383876800538 0.5413226127624512 0.07558279037475586 0.11998472213745118
0 0.6909776210784913 0.29800455570220946 0.050927257537841795 0.11032772064208984
0 0.7050453819047738 0.5526436139468968 0.07143259048461914 0.12584247589111328
0 0.3776668071746826 0.22280824184417725 0.06960687637329102 0.10028080940246582
0 0.5065822601318359 0.30939345359802245 0.04966154098510742 0.1094827651977539
0 0.5721813201904297 0.28250696659088137 0.0642624855041504 0.11644272804260254
0 0.5005708694458008 0.7865876674652099 0.08454914093017578 0.09507665634155274
0 0.39209210918533177 0.6375868903612346 0.09297144412994385 0.12727880477905273
0 0.7342138767242432 0.1575995683670044 0.0463958740234375 0.10078387260437012
0 0.47958898544311523 0.5482343673706055 0.07984991073608398 0.1135721206665039
0 0.6258669376373291 0.26496732234954834 0.04060945510864258 0.10141420364379883
0 0.5619652748107911 0.11460387408733368 0.03475770950317383 0.08138471245765685
0 0.1965128779411316 0.6268248558044434 0.0743030309677124 0.1084136962890625
0 0.3239590735390468 0.315194761095137 0.06847062110900878 0.11721570491790771
0 0.6381588935852051 0.18756388425827025 0.048138904571533206 0.09093186855316163
0 0.3202501461483381 0.5740603732647199 0.09161996841430664 0.17476310729980468
0 0.1666038751602173 0.5596550464630127 0.08715333938598632 0.09656553268432617
0 0.542850923538208 0.20913469791412354 0.04154195785522461 0.09419131278991699
0 0.1535741150379181 0.672549057006836 0.0988606333732605 0.0979416847229004
0 0.4338312609122373 0.3398168962179904 0.0667943000793457 0.11157333850860607
0 0.25106169604354783 0.3911489576382661 0.06533293724060059 0.10789155960083008
0 0.1456284999847412 0.4873302936553955 0.07660949230194092 0.1021357536315918
0 0.2576291084289551 0.4312461853027344 0.05324687957763672 0.0907073974609375
0 0.09561746716499328 0.48914380073547364 0.06298176050186158 0.08210287094116211
0 0.30082619190216064 0.1932253956794739 0.05652298927307129 0.10119493007659912
0 0.4237472766884531 0.5984931009440813 0.0662672476397966 0.12254901960784316
0 0.698347857661583 0.4995461147421932 0.059912854030501124 0.12254901960784316
0 0.11828249818445895 0.6062091503267973 0.07806826434277414 0.10167029774872907
0 0.08015613652868549 0.5467501815541032 0.08533042846768334 0.09894698620188817
0 0.31118373275236016 0.4800290486564996 0.07716049382716053 0.1270878721859114
0 0.2635257806826433 0.36428830791575884 0.05446623093681916 0.11528685548293391
0 0.3275236020334059 0.374273783587509 0.06808278867102394 0.10076252723311546
0 0.5018155410312273 0.23493100944081333 0.051742919389978104 0.10893246187363835
0 0.5944081336238198 0.24219317356572254 0.03540305010893247 0.11982570806100215
0 0.40230696798493404 0.3927338355304457 0.05806654111738859 0.12790332705586943
0 0.43330194601381045 0.44099183929692404 0.06042059008160708 0.10671688637790326
