0 0.06988818794488907 0.2847774028778076 0.09213370978832244 0.12775068283081054
0 0.7354448842866469 0.2623489761624241 0.064117431640625 0.11932382583618165
0 0.5242801856451226 0.20572013861773011 0.06092233657836914 0.12013583183288558
0 0.8152856826782227 0.2654971361160278 0.054851341247558597 0.10011863708496094
0 0.5420932292938232 0.5144021511077881 0.0708547592163086 0.11432561874389649
0 0.35443488125108247 0.4287560859183868 0.09463591575622558 0.11615905761718777
0 0.21099320098771904 0.22521090817700534 0.08320050239562989 0.11139106750488278
0 0.5106059551239014 0.32229132652282716 0.04980382919311523 0.09777274131774902
0 0.4340780258178711 0.6440077781677246 0.06350088119506836 0.10772838592529296
0 0.4725996971130371 0.5827935218811036 0.0635824203491211 0.09336605072021484
0 0.6937601089477539 0.22426025271415712 0.050806713104248044 0.10943790674209594
0 0.48845973014831545 0.33040475845336914 0.06495275497436523 0.09109210968017578
0 0.46924248788884343 0.7660123521898999 0.10082185268402105 0.13766512870788575
0 0.8994702339172364 0.2900531768798828 0.06952457427978516 0.07284631729125976
0 0.49399518966674805 0.7462516784667969 0.06553049087524414 0.10700550079345703
0 0.7720115248181089 0.19554536697531694 0.036054801940917966 0.10234552621841428
0 0.8064868927001954 0.208030104637146 0.03693885803222656 0.0865097999572754
0 0.9705639839172363 0.019817444682121276 0.04822998046875 0.03963488936424255
0 0.05899810066476729 0.2952279202279202 0.09852801519468181 0.11277302943969614
0 0.19076448243114907 0.25249287749287747 0.08665716999050327 0.09377967711301047
0 0.32965337132003797 0.4786324786324786 0.0985280151946819 0.09259259259259259
0 0.5439221272554605 0.1693969610636277 0.08072174738841395 0.10565052231718897
0 0.41927825261158597 0.8240740740740741 0.08547008547008543 0.10921177587844261
0 0.38010446343779675 0.6780626780626782 0.07359924026590689 0.10683760683760682
0 0.7297008547008547 0.23884140550807212 0.039173789173789025 0.1044634377967711
0 0.8050807217473884 0.1741452991452991 0.045109211775878455 0.09377967711301044
