0 0.6969408512115478 0.8666908264160156 0.07922334671020508 0.110693359375
0 0.7700658798217773 0.25678343772888185 0.040791797637939456 0.10125832557678223
0 0.537515926361084 0.1835581362247467 0.04438514709472656 0.10546177625656128
0 0.4782987117767334 0.6173036098480225 0.06845703125 0.11002779006958008
0 0.6986988725751597 0.33870295046270554 0.061278915405273436 0.10290498733520508
0 0.573944305384175 0.67206108669041 0.08010196685791016 0.13862209320068358
0 0.6962870121002197 0.1250260591506958 0.03574323654174805 0.07871999740600585
0 0.8970588684082031 0.23578901290893556 0.05220012664794922 0.09713850021362305
0 0.9150103569030762 0.16902167201042176 0.050541114807128903 0.09438892602920532
0 0.5110786914825439 0.4868894577026367 0.055664443969726564 0.1254908561706543
0 0.5974851608276367 0.46956839561462405 0.07024822235107422 0.1309812545776367
0 0.3284479055166351 0.7262963605001537 0.10170941352844239 0.13735494613647461
0 0.7367962837219239 0.18431689143180846 0.0430750846862793 0.11402384042739869
0 0.41437760591506956 0.46851577758789065 0.07604548931121827 0.13590803146362304
0 0.3804097995594217 0.5490898580223468 0.07696526050567627 0.12982797622680664
0 0.19157796262205315 0.32550980046836997 0.09446836709976196 0.11763186454772949
0 0.3804225530117976 0.3984316467121743 0.07053084373474121 0.09993281364440923
0 0.9768474578857422 0.6570629119873047 0.04535655975341797 0.08197717666625977
0 0.2764920949935913 0.6350195407867432 0.07880549430847168 0.10695695877075195
0 0.6564820289611817 0.24644926190376282 0.04373922348022461 0.09654964208602905
0 0.3014983654022217 0.19493272304534912 0.0628817081451416 0.09853706359863282
0 0.2153481662273407 0.5883151054382324 0.06992818117141723 0.10987529754638672
0 0.3006450891494751 0.5303111553192139 0.0918269157409668 0.10531530380249024
0 0.6892807960510254 0.22063562870025635 0.0424957275390625 0.09948773384094238
0 0.6693473339080811 0.1830951154232025 0.04230632781982422 0.07855778932571411
0 0.2675543546676636 0.7447482109069824 0.05581622123718262 0.08815860748291016
0 0.3130821466445923 0.42752286195755007 0.058896970748901364 0.11233260631561279
0 0.23621573448181152 0.5447556495666503 0.06662697792053222 0.10827789306640626
0 0.5485274431057564 0.713632307005801 0.06358768406961185 0.1182507809013833
0 0.2372824631860777 0.6706827309236948 0.07028112449799193 0.10374832663989293
0 0.32150825524319504 0.49330655957161984 0.06247211066488174 0.13498438197233384
0 0.3276439089692102 0.4035029004908523 0.06358768406961175 0.12717536813922356
0 0.3332217759928604 0.33210620258813034 0.06358768406961175 0.10486390004462294
0 0.353302097278001 0.30533244087460953 0.08143685854529226 0.12271307452030344
0 0.16755912539045073 0.3633422579205711 0.09817045961624275 0.12717536813922356
0 0.7153056671128961 0.27855867916108884 0.04016064257028107 0.1227130745203034
