0 0.5462746620178223 0.20548706650733947 0.05284194946289063 0.10751980543136597
0 0.6819902420043945 0.6717609405517578 0.0583003044128418 0.11521120071411133
0 0.8903563499450684 0.9692819595336915 0.06684513092041015 0.06031341552734375
0 0.9035769462585449 0.31431379318237307 0.045683670043945315 0.1120039939880371
0 0.6974789142608643 0.17585813999176025 0.05227231979370117 0.1012000560760498
0 0.5095129294142242 0.39249359753875546 0.07140159606933594 0.12812967300415082
0 0.08212816715240479 0.3329676628112793 0.0842745065689087 0.11576752662658692
0 0.24165327548980714 0.2928387880325317 0.07226471900939942 0.12087655067443848
0 0.9256076102063147 0.23678167247176432 0.03918304443359375 0.09379196166992182
0 0.8662194857582455 0.2826275376856513 0.047672080993652347 0.13290071487426758
0 0.7164391956388925 0.8076820854947058 0.07795858383178711 0.11701292991638183
0 0.43367595672607423 0.8452176094055176 0.09187355041503906 0.11411285400390625
0 0.3438589129581988 0.49775715110451985 0.061904287338256835 0.11041183471679678
0 0.4229974627494812 0.7145120143890381 0.09707911014556884 0.15118770599365233
0 0.7131588935852051 0.5427339553833008 0.09474878311157227 0.1104013442993164
0 0.43307667445093856 0.6127531537622387 0.10212132930755616 0.12931232452392577
0 0.11543601751327515 0.31963183879852297 0.07403736114501953 0.11086225509643555
0 0.2947523832321167 0.19439809322357177 0.05489859580993652 0.10247092247009278
0 0.4048640727996826 0.45213052034378054 0.07616205215454101 0.11180360317230224
0 0.4730133056640625 0.7938721418380738 0.07217044830322265 0.11220841407775879
0 0.3997103214263916 0.6180227279663086 0.08438377380371094 0.11307477951049805
0 0.8226836571678529 0.18144415910091857 0.04966969490051269 0.09926180839538581
0 0.8355417251586914 0.11713546514511108 0.03938312530517578 0.07398185729980469
0 0.26912612915039064 0.28549325466156006 0.061043739318847656 0.10908842086791992
0 0.34983985424041747 0.6615723609924317 0.06302218437194824 0.11419391632080078
0 0.3520900011062622 0.37266271114349364 0.06862096786499024 0.09743895530700683
0 0.821911707439363 0.16579558881251533 0.04810721675288926 0.1072753997957638
0 0.8240740740740742 0.2501115573404731 0.04127621597501119 0.12159750111557338
0 0.8714859437751005 0.21218206157965194 0.031236055332440765 0.1037483266398929
0 0.7426372155287819 0.7638331102186524 0.05689424364123157 0.12271307452030335
0 0.3789602855867917 0.7454261490406069 0.07920571173583224 0.1015171798304329
0 0.4101963409192326 0.5546630968317715 0.09259259259259259 0.12382864792503347
0 0.3566488174921911 0.45649263721552885 0.07251227130745205 0.10597947344935306
0 0.4810352521195896 0.427487728692548 0.07362784471218212 0.10821062025881308
0 0.3343373493975904 0.34772423025435073 0.07028112449799204 0.12271307452030344
