0 0.9188237190246582 0.7577797889709472 0.08018360137939454 0.14041385650634766
0 0.40860934257507325 0.20973622798919678 0.06516704559326172 0.09702544212341309
0 0.8380672454833984 0.19377282857894898 0.042609786987304686 0.10294816493988038
0 0.07849585856645568 0.511765785719443 0.10192151665687561 0.11723651885986328
0 0.5916132450103759 0.6652789115905762 0.07715263366699218 0.11795997619628906
0 0.4860212802886963 0.5867539405822754 0.07539644241333007 0.11146574020385742
0 0.3922551393508911 0.3688526153564453 0.07064766883850097 0.11547584533691406
0 0.419417130947113 0.5423969268798828 0.06232798099517822 0.1139418601989746
0 0.9075607437685311 0.8616315036520051 0.09400558471679688 0.14785137176513705
0 0.6228786945343018 0.614620590209961 0.06059198379516602 0.10555000305175781
0 0.2962054967880249 0.40210824012756347 0.08592000007629394 0.10838689804077148
0 0.5586730480194092 0.795043158531189 0.08220739364624023 0.14065709114074706
0 0.5187323093414307 0.5285026550292968 0.06566648483276367 0.11392688751220703
0 0.46498308181762693 0.4948472499847412 0.06009225845336914 0.1227046012878418
0 0.05735887301415011 0.5580541434749755 0.09835237860679627 0.1536336898803711
0 0.8651999473571778 0.12683151960372924 0.03367767333984375 0.08716075420379639
0 0.6052281379699707 0.9242413520812989 0.08048000335693359 0.09206504821777343
0 0.5545441627502441 0.70899658203125 0.07733240127563476 0.11136245727539062
0 0.019076305220883577 0.30706515245169524 0.038152610441767154 0.10609817638933415
0 0.19465928077697753 0.2429450511932373 0.06852846145629883 0.10030555725097656
0 0.41458014249801634 0.3435622453689575 0.05488722324371338 0.10902347564697265
0 0.642009687423706 0.868614673614502 0.07108039855957031 0.09228229522705078
0 0.2405135064080377 0.3583930706828899 0.06452960968017578 0.12367756366729736
0 0.2926023483276367 0.1926109790802002 0.056850624084472653 0.09764723777770996
0 0.9858267307281494 0.20685925483703613 0.028346538543701172 0.1482912540435791
0 0.5306621551513672 0.44438098669052123 0.06692276000976563 0.10023186206817628
0 0.9638847351074219 0.21042847633361816 0.055479240417480466 0.12790312767028808
0 0.8792949576082106 0.925591253904507 0.05577867023650166 0.1182507809013833
0 0.5156180276662204 0.8302097278000893 0.051316376617581407 0.10597947344935295
0 0.2406291834002678 0.30254350736278446 0.08366800535475238 0.11936635430611336
0 0.1547300312360554 0.2506693440428381 0.08589915216421241 0.11825078090138331
0 0.04317269076305229 0.28971441320838914 0.072512271307452 0.10709504685408296
0 0.06213743864346276 0.6176929941990184 0.07920571173583218 0.1182507809013833
