0 0.25417656898498536 0.6109845638275146 0.09035372734069824 0.1089280128479004
0 0.20290026664733887 0.7598152160644531 0.08398904800415039 0.11311206817626954
0 0.048503006994724276 0.3402529239654541 0.09638170897960663 0.11513447761535645
0 0.9165707588195801 0.7713507413864136 0.0584503173828125 0.12702488899230957
0 0.8574308395385742 0.8334464073181153 0.07719669342041016 0.10335063934326172
0 0.19904371500015258 0.6896779537200928 0.08176286220550537 0.14037513732910156
0 0.2400145306751059 0.3185782122537527 0.07965006828308105 0.12465476989746094
0 0.8186291694641114 0.9218197822570801 0.06402950286865235 0.13788967132568358
0 0.6430678739339206 0.635742269462371 0.0864725112915039 0.1599064826965332
0 0.8804136276245117 0.7848530769348144 0.06593875885009766 0.11922187805175781
0 0.2939416246295029 0.29436008549332354 0.0948976993560791 0.11085314750671386
0 0.9266953468322754 0.9873244285583496 0.04799785614013672 0.02422752380371094
0 0.6641002655029297 0.5388339519500732 0.05555667877197266 0.1651240348815918
0 0.19409055681379714 0.4231271271139637 0.11608022451400757 0.13970682621002217
0 0.7833863496780396 0.9738056659698486 0.05010676383972168 0.052388668060302734
0 0.29926014136970175 0.18013755608647605 0.05705070495605469 0.11514313220977797
0 0.10171586751193142 0.28952606859509294 0.08348407745361328 0.12990193367004393
0 0.15880804061889647 0.17049108077138198 0.05112731456756592 0.08230814933776856
0 0.5981704596162428 0.5502008032128515 0.06247211066488174 0.10374832663989282
0 0.1329763498438198 0.35385988398036594 0.08701472556894242 0.12159750111557344
0 0.04373047746541729 0.22891566265060245 0.07809013833110218 0.12605979473449352
0 0.09337349397590368 0.2199910754127622 0.061356537260151674 0.11267291387773315
0 0.09839357429718879 0.178714859437751 0.05354752342704148 0.1037483266398929
0 0.19377510040160648 0.22668451584114238 0.06358768406961185 0.13052208835341364
0 0.9350736278447122 0.053212851405622534 0.037929495760821046 0.09817045961624274
