0 0.4590808518365351 0.1969185138020421 0.07639570236206054 0.12010829448699954
0 0.9790848731994629 0.19270780682563782 0.04155807495117188 0.1019513487815857
0 0.558170747756958 0.33834261894226075 0.04522562026977539 0.10434670448303222
0 0.47001028060913086 0.4802048683166504 0.06935367584228516 0.10415372848510743
0 0.3345659255981445 0.7821972608566284 0.08432517051696778 0.10824990272521973
0 0.6647174835205079 0.2586382865905762 0.05014791488647461 0.11030387878417969
0 0.9223676681518554 0.027289462089538575 0.03253250122070313 0.05457892417907715
0 0.27572200780580525 0.39671931411692446 0.08963909149169921 0.11694040298461919
0 0.5307210922241211 0.3441570997238159 0.05085115432739258 0.0950749397277832
0 0.35804386138916017 0.5935996055603028 0.07935237884521484 0.10805253982543946
0 0.36716499328613283 0.7394366264343262 0.06349143981933594 0.09615669250488282
0 0.7408617019653321 0.26243109703063966 0.05058164596557617 0.12604894638061523
0 0.15437457790458536 0.21544240782177124 0.09142596125602723 0.11325292587280274
0 0.6299049377441406 0.21929194927215576 0.0314234733581543 0.09455866813659668
0 0.41945003271102904 0.7110528945922852 0.06902401447296143 0.10848712921142578
0 0.7357551574707031 0.3692070722579956 0.09450578689575195 0.09913401603698731
0 0.03632857467261019 0.2910155837918505 0.07303701639175415 0.13339753150939943
0 0.31119575500488283 0.6457048416137695 0.08980426788330079 0.10988264083862305
0 0.3752243161201477 0.5472854614257813 0.059936118125915525 0.06749258041381836
0 0.6985049406234582 0.18478355287147044 0.03745288848876953 0.08204900026321411
0 0.0388176638176638 0.24715099715099714 0.07716049382716053 0.11158594491927824
0 0.11894586894586888 0.2518993352326685 0.07122507122507121 0.10208926875593541
0 0.47922602089268745 0.17295821462488126 0.06766381766381763 0.11277302943969608
0 0.2524928774928774 0.45726495726495725 0.0819088319088319 0.10446343779677118
0 0.7403846153846153 0.22637701804368468 0.05104463437796767 0.08665716999050335
0 0.7291073124406456 0.1783000949667616 0.04748338081671414 0.09734093067426398
