0 0.5141552448272705 0.7281411170959473 0.07812538146972656 0.10301246643066406
0 0.2255880892276764 0.5329409599304199 0.07278932332992553 0.10521907806396484
0 0.47345495223999023 0.7890382051467896 0.09702081680297851 0.1250892162322998
0 0.17867329120635986 0.5834520339965821 0.10472002029418945 0.12397232055664062
0 0.42736129760742186 0.2342451810836792 0.07100152969360352 0.11140313148498535
0 0.49088516235351565 0.9073721885681152 0.08656940460205079 0.09950504302978516
0 0.8143354415893554 0.6786171436309815 0.0559051513671875 0.1001443862915039
0 0.8524300575256347 0.64320068359375 0.039075279235839845 0.10070085525512695
0 0.9033034324645997 0.5697104930877686 0.05147342681884766 0.09013881683349609
0 0.059553350508213046 0.2736569166183472 0.09416000545024872 0.13034453392028808
0 0.3806709885597229 0.2139478862285614 0.04784581661224365 0.10163036584854127
0 0.2966148853302002 0.19351654052734374 0.059978151321411134 0.10278596878051757
0 0.09190801084041596 0.24411816000938416 0.07231810688972473 0.09830266237258911
0 0.8090138331102188 0.5942659526996876 0.0423917893797411 0.1093261936635431
