0 0.25138273239135744 0.6138685703277588 0.09610610008239746 0.13194704055786133
0 0.5837003707885742 0.7560406684875488 0.06392869949340821 0.09755630493164062
0 0.3149577617645264 0.5672757148742675 0.09448208808898925 0.10071992874145508
0 0.4924065113067627 0.2416052520275116 0.059416007995605466 0.10731788873672485
0 0.54958176612854 0.819035530090332 0.09206018447875977 0.10928134918212891
0 0.8721560478210449 0.7233836650848389 0.06621837615966797 0.12338228225708008
0 0.5513702869415283 0.9561956405639649 0.06517210006713867 0.08760871887207031
0 0.46115450859069823 0.19346725940704346 0.03544139862060547 0.08908653259277344
0 0.01479229811630526 0.2751927450212821 0.0311025969847033 0.09813203176500954
0 0.9647883415222168 0.5984256744384766 0.06497726440429688 0.09880619049072266
0 0.8558530807495117 0.6322697639465332 0.06192073822021484 0.11396751403808594
0 0.9058805465698242 0.6739472389221192 0.051030540466308595 0.09882774353027343
0 0.29635798931121826 0.18806403875350952 0.06365022659301758 0.11807940006256104
0 0.8667264938354492 0.6739983558654785 0.07818012237548828 0.16111478805541993
0 0.05488621151271763 0.23728246318607765 0.0803212851405623 0.11155734047300309
