0 0.37708392143249514 0.602099084854126 0.07293386459350586 0.09927883148193359
0 0.3255475997924805 0.6337553024291992 0.0786698341369629 0.12433271408081055
0 0.5699039459228515 0.2441183567047119 0.0649754524230957 0.11119341850280762
0 0.6501604080200195 0.809654712677002 0.0607025146484375 0.11606311798095703
0 0.54276442527771 0.19205353260040284 0.04135189056396484 0.09067354202270508
0 0.9337401390075684 0.7475101947784424 0.05736846923828125 0.09941349029541016
0 0.9146528244018555 0.6548208713531494 0.04849090576171875 0.09280862808227539
0 0.01695682629942894 0.24664022922515869 0.033222217857837674 0.10638194084167481
0 0.6157531261444091 0.8640166282653808 0.07323036193847657 0.10876522064208985
0 0.9583870887756347 0.6981457233428955 0.045827293395996095 0.08455352783203125
0 0.9822762489318848 0.6375344753265381 0.03544750213623047 0.1033620834350586
0 0.6296544075012207 0.9765315532684327 0.04463481903076172 0.04693689346313477
0 0.2936189201249443 0.19377510040160645 0.08255243195002228 0.12494422132976347
0 0.04373047746541729 0.5502008032128515 0.07585899152164215 0.12159750111557344
