0 0.3866868495941162 0.6386977672576905 0.07248382568359375 0.13603029251098633
0 0.6351413726806641 0.24642555117607118 0.045195388793945315 0.10810714960098267
0 0.4573113441467285 0.631944227218628 0.06127099990844727 0.10890626907348633
0 0.9808700561523438 0.7943514585494995 0.0382598876953125 0.10492634773254395
0 0.9776934623718262 0.6936953067779541 0.04373645782470703 0.1013641357421875
0 0.7332774390816847 0.8106659260779179 0.08158645629882813 0.18339686393737772
0 0.6245898246765137 0.184191232919693 0.042372703552246094 0.07998899221420289
0 0.29529228023203935 0.20214190093708168 0.07251227130745205 0.1104417670682731
0 0.0967202141900938 0.603748326639893 0.09928603302097277 0.12382864792503347
0 0.7080544399821509 0.9183400267737616 0.08143685854529226 0.1260597947344935
