0 0.781822943687439 0.501468276977539 0.08305592536926269 0.12080154418945313
0 0.4866605281829834 0.5204789638519287 0.055629634857177736 0.10753459930419922
0 0.04988914579153061 0.6234968185424805 0.0976761132478714 0.10474910736083984
0 0.18798919916152954 0.4807549476623535 0.06731173992156983 0.09999885559082031
0 0.23275107741355897 0.7411526918411255 0.09825555086135865 0.12968077659606933
0 0.8209854231089261 0.4780326180189968 0.06172103881835937 0.14445612430572524
0 0.909858582499622 0.5757139730006655 0.07639312744140625 0.15951938629150392
0 0.11175746917724609 0.5634818077087402 0.11683309078216553 0.09235086441040039
0 0.2773030223935803 0.5675946349918922 0.09778265953063965 0.11688642501831055
0 0.2835815668106079 0.295616888999939 0.08146839141845703 0.1101761817932129
0 0.9774344444274903 0.6433489322662354 0.044965934753417966 0.12320547103881836
0 0.0722650483250618 0.34217926214338146 0.0890781968832016 0.12620935440063477
0 0.06006403321176703 0.28635691689998116 0.07799188196659088 0.13983569145202637
0 0.2675360935918458 0.19376569492696705 0.12356235096891881 0.10042041737498156
0 0.0197899729013443 0.5248735427856446 0.037839198112487794 0.07169895172119141
0 0.9821091651916504 0.5878836631774902 0.034387969970703126 0.0729935646057129
0 0.09002677376171356 0.23616688978134764 0.09482373940205262 0.10040160642570278
0 0.8419232485497546 0.4319500223114682 0.047969656403391264 0.10597947344935306
0 0.927264614011602 0.5027889335118251 0.06470325747434176 0.1294065149486837
0 0.31983489513610003 0.5407184292726461 0.10151717983043279 0.12048192771084332
0 0.27855867916108884 0.7197679607318161 0.09036144578313246 0.1349843819723337
