0 0.7162441730499267 0.473466157913208 0.06886501312255859 0.13636188507080077
0 0.3659528255462646 0.26573905944824217 0.048250579833984376 0.1027289867401123
0 0.09055682122707367 0.6577030181884765 0.10550535321235657 0.09498634338378906
0 0.2655728101730347 0.5120492458343506 0.0778724193572998 0.10624160766601562
0 0.9327614784240723 0.6186286587312997 0.05484218597412109 0.14323854446411133
0 0.8257256507873535 0.5155929088592529 0.05017013549804687 0.12754087448120116
0 0.8576580047607422 0.48165221214294435 0.05973949432373047 0.11161766052246094
0 0.3077645778656006 0.7794895648956299 0.1047135353088379 0.1119307518005371
0 0.7838855743408203 0.41808481216430665 0.03936977386474609 0.13705453872680665
0 0.3475139098420626 0.597267487026761 0.08604464530944825 0.1248687744140625
0 0.14926084280014038 0.37580907002244335 0.07557237148284912 0.16248407363891576
0 0.7744170665740967 0.4488609194755554 0.057851123809814456 0.11212561130523682
0 0.15670298933982849 0.5878986358642578 0.08661280870437622 0.09728317260742188
0 0.4201518535614014 0.4847306728363037 0.08001041412353516 0.10924043655395507
0 0.12840063647466396 0.26441881083208024 0.0622452711644101 0.1353747835121002
0 0.24658396244049072 0.20932557582855224 0.06804680824279785 0.08777008056640626
0 0.32035207748413086 0.7417428493499756 0.08125038146972656 0.11406898498535156
0 0.039505722166597146 0.5329867105513797 0.080390065908432 0.09576635360717774
0 0.9350736278447123 0.5563364569388666 0.05577867023650145 0.10263275323516281
0 0.38174921909861675 0.567492190986167 0.07585899152164209 0.10709504685408307
0 0.028670236501561867 0.45649263721552885 0.05466309683177149 0.10597947344935306
0 0.15473003123605544 0.2378402498884427 0.05689424364123157 0.10597947344935298
