0 0.46986637115478513 0.25210675597190857 0.06646718978881835 0.10861407518386841
0 0.3563297033309937 0.4511663794517517 0.06216020584106445 0.10422585010528565
0 0.33046779632568357 0.5416844367980957 0.05906205177307129 0.10043249130249024
0 0.8713517189025879 0.5547260761260986 0.06873321533203125 0.13630857467651367
0 0.6594936370849609 0.44956517219543457 0.06748466491699219 0.11317691802978516
0 0.22989463760404907 0.34310104367138283 0.08139510154724121 0.12674417495727539
0 0.15168940722942353 0.7024279117584229 0.10696726441383361 0.1067575454711914
0 0.713646125793457 0.43123745918273926 0.04846487045288086 0.11444559097290039
0 0.7992903470993042 0.44820308685302734 0.04899411201477051 0.10818729400634766
0 0.42761569072603384 0.6546225313946691 0.09154365062713624 0.12315988540649414
0 0.7621764659881591 0.49134130477905275 0.05378274917602539 0.10304822921752929
0 0.37775311470031736 0.8160431146621704 0.07399663925170899 0.09832816123962403
0 0.21923555731773375 0.6245666980743408 0.08936945199966431 0.11007871627807617
0 0.3914956378862295 0.7786077041596187 0.06926524639129639 0.12403159141540528
0 0.09852408170700074 0.5736103057861328 0.08418066501617431 0.1125640869140625
0 0.7285762310028077 0.38207786083221434 0.041650581359863284 0.08911719322204589
0 0.22517392589598034 0.2788473887190336 0.07008271217346192 0.11428375244140625
0 0.23470481683611075 0.23791751882584167 0.053992176055908205 0.08928428888320923
0 0.7462096691131592 0.45755733251571656 0.07089338302612305 0.14362108707427979
0 0.4598393574297188 0.6160196340919233 0.08478357875948235 0.13275323516287366
0 0.02409638554216871 0.5135430611334226 0.04819277108433742 0.09004908522980812
0 0.061579651941097754 0.4732262382864793 0.09147701918786252 0.10821062025881302
0 0.24899598393574304 0.20269968763944668 0.05577867023650156 0.10932619366354307
