0 0.711728572845459 0.21599013805389405 0.059993743896484375 0.10784597396850586
0 0.595479679107666 0.9708503723144531 0.07561101913452148 0.053544044494628906
0 0.5612415790557861 0.6571989536285401 0.06262121200561524 0.11125602722167968
0 0.8787498474121094 0.615726089477539 0.058831214904785156 0.1114577293395996
0 0.5371910095214844 0.3939437747001648 0.04635143280029297 0.11169798374176025
0 0.6880870342254639 0.7804843425750733 0.07966203689575195 0.1117793083190918
0 0.3832394599914551 0.7393498420715332 0.0970616340637207 0.10795631408691406
0 0.6368511199951172 0.4048635482788086 0.04547815322875977 0.10082836151123047
0 0.6931127676948913 0.5080201286867441 0.07063560485839844 0.1443696975708008
0 0.4946012496948242 0.4024898648262024 0.061098575592041016 0.12395484447479248
0 0.21115007400512695 0.346763813495636 0.0659416675567627 0.10719192028045654
0 0.5808679103851319 0.4226980686187744 0.05837726593017578 0.10848312377929688
0 0.7129045486450195 0.7623506307601928 0.07878837585449219 0.11652054786682128
0 0.04401114583015442 0.4575458407402039 0.08802229166030884 0.1279125452041626
0 0.6450751304626465 0.8983201026916504 0.05847301483154297 0.07357654571533204
0 0.5486432075500488 0.3380742073059082 0.0444732666015625 0.0728532314300537
0 0.1281004548072815 0.5905794143676758 0.08620226383209229 0.09887723922729492
0 0.32368528842926025 0.8145139932632446 0.09496402740478516 0.09065566062927247
0 0.24298911094665526 0.215950870513916 0.07333159446716309 0.0899235725402832
0 0.4917775630950928 0.25188777446746824 0.05511770248413086 0.09493708610534668
0 0.470438814163208 0.30599024295806887 0.03525190353393555 0.07954058647155762
0 0.4821508255243195 0.22556894243641237 0.04462293618920117 0.11936635430611334
0 0.7041499330655957 0.4481258366800535 0.07139669790272204 0.11825078090138334
0 0.2612672913877734 0.6745872378402499 0.09147701918786258 0.12494422132976347
0 0.18931280678268633 0.5563364569388666 0.09036144578313257 0.11378848728246314
0 0.062137438643462786 0.36613119143239625 0.06358768406961175 0.06804997768853191
0 0.03313253012048199 0.3493975903614458 0.05466309683177155 0.08589915216421236
