0 0.15467060804367067 0.6744904041290283 0.09374663829803467 0.1111750602722168
0 0.4693135738372803 0.7540979862213135 0.06925678253173828 0.09998884201049804
0 0.24989743232727052 0.5225079536437989 0.0876044750213623 0.10985870361328125
0 0.14702794551849366 0.4699286937713623 0.0891197681427002 0.10965070724487305
0 0.3449022531509399 0.3522094368934631 0.08469271659851074 0.12108027935028076
0 0.716455078125 0.32270064353942873 0.04711723327636719 0.0944699764251709
0 0.786210560798645 0.8091212987899781 0.05399432182312012 0.09959397315979004
0 0.08654601275920867 0.2536775588989258 0.08145132660865784 0.0954984188079834
0 0.28680511952935983 0.6688379182607029 0.08372111320495605 0.12052478790283203
0 0.8731953439623158 0.5422813801720758 0.05508403778076172 0.10774688720703125
0 0.5660920929983225 0.9170587572440784 0.07785558700561523 0.12397727966308689
0 0.3959343433380127 0.3144368171691895 0.07931880950927735 0.14743027687072754
0 0.7422902584075928 0.22949061393737794 0.04939212799072266 0.10281839370727539
0 0.5902415752410889 0.4594111919403076 0.05684480667114258 0.09270009994506836
0 0.41363643407821654 0.3613663911819458 0.10102932453155518 0.13423123359680175
0 0.036307066679000854 0.5858709335327148 0.07261413335800171 0.09897413253784179
0 0.5784647464752197 0.5708555221557617 0.09039278030395508 0.10544767379760742
0 0.06865154802799225 0.5395255565643311 0.1191321074962616 0.1125523567199707
0 0.5588942527770996 0.35824558734893797 0.06289787292480468 0.09146647453308106
0 0.5461909294128418 0.39991337060928345 0.06396303176879883 0.10549333095550537
0 0.02997429370880127 0.41964012384414673 0.05994858741760254 0.064591383934021
0 0.7244219303131103 0.1901387333869934 0.03688268661499024 0.08508117198944092
0 0.5187397480010987 0.5545613765716553 0.051831531524658206 0.10772514343261719
0 0.9471267700195313 0.19013214707374573 0.05690460205078125 0.0796563982963562
0 0.2523427041499331 0.20771976796073185 0.08032128514056225 0.11713520749665328
0 0.3025435073627845 0.6344265952699688 0.07585899152164209 0.10040160642570278
0 0.5808790718429273 0.8620035698348951 0.07920571173583224 0.12717536813922362
0 0.9728246318607765 0.9423248549754575 0.05466309683177155 0.10263275323516291
