0 0.23792505264282227 0.7314498901367188 0.10981860160827636 0.11066303253173829
0 0.9646735191345215 0.24001778960227965 0.06842842102050781 0.10724078416824341
0 0.7615326881408692 0.36136517524719236 0.0666879653930664 0.11124677658081054
0 0.32529775288848684 0.7111807098031203 0.10456562042236328 0.14997272491455077
0 0.032852187752723694 0.22925114035606384 0.06385104060173034 0.10370923280715942
0 0.20839550495147705 0.49348721504211424 0.07644295692443848 0.09855756759643555
0 0.7723829746246338 0.49803876876831055 0.05137825012207031 0.10140819549560547
0 0.12889952812940614 0.5668124675750732 0.10990871787071228 0.12073240280151368
0 0.29238893985748293 0.33362932205200196 0.08663129806518555 0.11550168991088867
0 0.049246663405713355 0.44088723179699313 0.09897675514221191 0.1325766563415527
0 0.8205852856650944 0.23086987613886922 0.041350173950195315 0.11025811433792114
0 0.8679973602294921 0.8721224784851074 0.07584114074707031 0.11289615631103515
0 0.8132037596211056 0.6753808574557358 0.09783239364624023 0.11228628158569336
0 0.04753673076629639 0.6236893177032471 0.09507346153259277 0.11038055419921874
0 0.7929843187332153 0.1920941412448883 0.0363563060760498 0.10046623945236206
0 0.3359035453855966 0.329775589419922 0.08443584442138671 0.13670420646667492
0 0.6302043437957764 0.9472212791442871 0.08544092178344727 0.10474720001220703
0 0.6562045340344397 0.8792333450555695 0.08808183670043945 0.11873016357421876
0 0.3096566438674927 0.5266624450683594 0.05301227569580078 0.06736526489257813
0 0.5342570781707764 0.7992676258087158 0.07270565032958984 0.1160395622253418
0 0.365585279922196 0.38015614790024893 0.08945469856262207 0.14259386062622054
0 0.7198067665100097 0.6532933712005615 0.05589370727539063 0.11820850372314454
0 0.23951360999553772 0.2004685408299866 0.05689424364123157 0.10486390004462291
0 0.04986613119143247 0.3817492190986167 0.08589915216421236 0.1104417670682731
0 0.07161981258366805 0.5819946452476573 0.10709504685408296 0.1182507809013833
0 0.3599955377063811 0.6539491298527444 0.07474341811691208 0.1104417670682731
0 0.7537929495760822 0.6600847835787594 0.04127621597501119 0.10486390004462294
0 0.4843819723337796 0.43697010263275327 0.07585899152164215 0.11601963409192327
0 0.47991967871485947 0.3717090584560464 0.049085229808121224 0.09705488621151269
0 0.4949799196787149 0.3577643908969211 0.04796965640339131 0.1137884872824632
0 0.5094823739402053 0.3309906291834003 0.059125390450691595 0.10263275323516285
0 0.34995537706381086 0.2718652387327087 0.07028112449799193 0.11601963409192322
