0 0.707659101486206 0.4664320945739746 0.07169485092163086 0.09797840118408203
0 0.33483357429504396 0.7785305500030517 0.10756435394287109 0.10522050857543945
0 0.2802530527114868 0.5380282878875733 0.09086751937866211 0.10374326705932617
0 0.40030875205993655 0.5690499305725097 0.07763233184814453 0.11970272064208984
0 0.23236703872680664 0.3212931156158447 0.07117419242858887 0.11904115676879883
0 0.3805274486541748 0.412814998626709 0.06193666458129883 0.11072931289672852
0 0.8243265867233276 0.39998066425323486 0.062111520767211915 0.11346726417541504
0 0.38503688337652875 0.7394623546183295 0.09193737506866455 0.14034099578857423
0 0.7242780526266307 0.972144132083891 0.10253715668337417 0.057407407407407615
0 0.9182616233825683 0.25802905559539796 0.053419303894042966 0.10901446342468261
0 0.43743571164830364 0.36119681145133103 0.055963025610130994 0.10280415391560274
0 0.10851694762919545 0.44559208712690596 0.09800403423737013 0.13893630767389895
0 0.6060289859771728 0.8266351699829102 0.05680646896362305 0.09497642517089844
0 0.1598260521888733 0.5980214595794677 0.11431434154510497 0.11895675659179687
0 0.972770881652832 0.9219546318054199 0.0529052734375 0.11645374298095704
0 0.09562114320100279 0.671654505242412 0.09624844193458557 0.1100611686706543
0 0.8725191116333008 0.1837305545806885 0.03517436981201172 0.10093660354614258
0 0.3032994747161865 0.2650847196578979 0.07899022102355957 0.11195583343505859
0 0.30923569202423096 0.3388064384460449 0.06677570343017578 0.12020273208618164
0 0.9524247169494628 0.7774403810501098 0.06316928863525391 0.1334826946258545
0 0.9039532661437988 0.1965218484401703 0.038624000549316403 0.07750645875930787
0 0.9782464504241943 0.7882704734802246 0.04350709915161133 0.10664577484130859
0 0.10856833457946777 0.6054612159729004 0.10325162410736084 0.11729259490966797
0 0.014659719914197922 0.23703296184539796 0.02847316414117813 0.05555744171142578
0 0.2372824631860777 0.1993529674252566 0.06581883087907188 0.10263275323516288
0 0.4665327978580991 0.3432619366354306 0.08255243195002222 0.09817045961624271
0 0.46318607764390907 0.32095046854083004 0.06470325747434182 0.10709504685408301
0 0.4012717536813923 0.6829540383757252 0.07474341811691208 0.110441767068273
0 0.7398482820169568 0.925033467202142 0.08924587237840245 0.1104417670682731
0 0.06604194556001791 0.5507585899152164 0.07809013833110218 0.09593931280678274
0 0.019187862561356604 0.6048639000446231 0.0379294957608211 0.1193663543061134
0 0.14245872378402502 0.41577420794288267 0.10151717983043279 0.11601963409192327
