0 0.6999447345733643 0.8701620101928711 0.08906612396240235 0.0960784912109375
0 0.34409019947052 0.5779071807861328 0.0842972755432129 0.09767665863037109
0 0.6272498607635498 0.43166478872299197 0.06118021011352539 0.10281288623809814
0 0.8603212356567382 0.26426544189453127 0.051586341857910153 0.11904926300048828
0 0.4283714294433594 0.8467742204666138 0.0818368911743164 0.11735148429870605
0 0.48635454177856446 0.5980967521667481 0.08443202972412109 0.10565061569213867
0 0.18111073970794678 0.3127326965332031 0.09444670677185059 0.12756562232971191
0 0.8842516899108886 0.44493545293807985 0.05211029052734375 0.10042774677276611
0 0.3867951396159539 0.34627452747782445 0.04345568239236723 0.10999445240713554
0 0.13223823606967927 0.6877126693725586 0.09274045825004577 0.1298924446105957
0 0.28991963863372805 0.3841860294342041 0.10933804512023926 0.11834297180175782
0 0.8237425804138183 0.9554726123809815 0.07260684967041016 0.0890547752380371
0 0.24412572979927064 0.24692723751068116 0.09540170431137085 0.11948618888854981
0 0.20343920683711833 0.4637490258053018 0.09479111433029175 0.13429555892944336
0 0.19036414623260497 0.6330389976501465 0.10852904319763183 0.11886224746704102
0 0.44719589472561744 0.7735174393132562 0.0840281486511231 0.1479787826538086
0 0.9708292007446289 0.2043064832687378 0.05630817413330078 0.1057744026184082
0 0.06641092598438263 0.6159048080444336 0.0852693498134613 0.09969444274902343
0 0.13227169513702391 0.559935474395752 0.07855811119079589 0.08111810684204102
0 0.25270462607443733 0.32460047528446917 0.0693197250366211 0.10123643875122071
0 0.9394404411315918 0.18801515698432922 0.048037147521972655 0.0978279948234558
0 0.140472936630249 0.6405014991760254 0.0935818910598755 0.12695837020874023
0 0.9864579200744629 0.20602276921272278 0.02634429931640625 0.09601529836654663
0 0.24788041053101298 0.1982373940205266 0.06247211066488174 0.10040160642570281
0 0.19377510040160648 0.4219098616688979 0.06804997768853191 0.11267291387773323
0 0.2194332887103972 0.28023203926818385 0.06804997768853191 0.09928603302097277
0 0.40684962070504244 0.3343373493975904 0.0591253904506917 0.10040160642570284
0 0.41744756804997774 0.31091030789825974 0.06247211066488184 0.09817045961624275
0 0.45705042391789386 0.7102855867916109 0.05912539045069165 0.11155734047300311
