0 0.7977560043334961 0.2726980924606323 0.06292438507080078 0.11017823219299316
0 0.5516958236694336 0.6403284549713135 0.08061361312866211 0.10937023162841797
0 0.9421298027038574 0.4960888385772705 0.055475044250488284 0.10372676849365234
0 0.40544967651367186 0.6208685398101806 0.06432619094848632 0.10453290939331054
0 0.28360297679901125 0.4502964973449707 0.07723917961120605 0.13282270431518556
0 0.5019262290224333 0.7958929619476339 0.10069580078125 0.1511849880218506
0 0.7746292114257812 0.9067987442016602 0.06382160186767578 0.10777015686035156
0 0.5490239143371582 0.4005153775215149 0.05213251113891602 0.09929502010345459
0 0.249627685546875 0.6595616340637207 0.08895707130432129 0.12484493255615234
0 0.12442741394042969 0.6410667419433593 0.09156186580657959 0.11035823822021484
0 0.1367093563079834 0.29184818267822266 0.08752968311309814 0.11962823867797852
0 0.3570614905402045 0.34471030281037957 0.0870889663696289 0.13819127082824706
0 0.18928747177124022 0.7186500072479248 0.0993070125579834 0.11504192352294922
0 0.5386995315551758 0.9052507400512695 0.11247272491455078 0.1273263931274414
0 0.9211629867553711 0.9681387901306152 0.08547744750976563 0.06372241973876953
0 0.20389442443847655 0.23818870497196715 0.06588888168334961 0.11121516227722168
0 0.19340509176254272 0.3534202575683594 0.08062560558319092 0.12976207733154296
0 0.36643831588923004 0.33610023065955974 0.06974008083343505 0.12684097290039062
0 0.1859660865684963 0.6143462739848282 0.07920571173583224 0.14279339580544398
0 0.5362561356537261 0.7420794288264168 0.09259259259259259 0.09928603302097277
0 0.36222668451584117 0.28357875948237393 0.059125390450691595 0.09705488621151269
0 0.24732262382864798 0.20493083444890678 0.05020080321285139 0.10709504685408298
0 0.17034805890227586 0.2595939312806783 0.04796965640339137 0.08924587237840251
0 0.20158411423471667 0.30979473449352973 0.059125390450691595 0.10486390004462294
