0 0.6811336517333985 0.270143985748291 0.06050319671630859 0.10838727951049805
0 0.7116683959960938 0.7329753875732422 0.07429361343383789 0.13167934417724608
0 0.5655475616455078 0.6944189071655273 0.058238983154296875 0.10092525482177735
0 0.7859493732452393 0.9749877452850342 0.054909801483154295 0.05002450942993164
0 0.6159751300990501 0.8969226083070346 0.08159828186035156 0.16437625885009788
0 0.04464857603412074 0.2619190692901612 0.08932568430900574 0.13492183685302733
0 0.9521888732910156 0.9703907012939453 0.06621284484863281 0.05840358734130859
0 0.42961484768836433 0.3282282554853287 0.08276048757730983 0.1260066751069865
0 0.03888026041039823 0.3290064448386844 0.07789438962936401 0.1324881553649904
0 0.24485063552856445 0.7222693920135498 0.10922098159790039 0.13654651641845703
0 0.27689813470691516 0.32798215573730877 0.09099025726318359 0.1481257438659668
0 0.3326460347011759 0.7542870187908345 0.08358755111694335 0.11565895080566406
0 0.3733368992805481 0.7052506923675537 0.0830843687057495 0.11288719177246094
0 0.09512572478950164 0.16166381698695229 0.07753489017486573 0.09409837722778353
0 0.43864346273984833 0.4118697010263276 0.04016064257028107 0.12159750111557344
0 0.46709058456046415 0.4308344489067381 0.061356537260151674 0.11044176706827316
0 0.27744310575635883 0.6628737170905845 0.0769745649263721 0.12159750111557344
0 0.28748326639892907 0.7973003123605533 0.05689424364123157 0.10263275323516281
0 0.6372155287817938 0.8263052208835341 0.06247211066488174 0.14279339580544398
0 0.24341811691209286 0.1943328871039715 0.07139669790272193 0.11267291387773315
0 0.08835341365461855 0.2344935296742526 0.05577867023650156 0.09482373940205267
0 0.11624274877286933 0.2735385988398037 0.08701472556894242 0.13498438197233376
0 0.2735385988398037 0.2640562248995984 0.08924587237840245 0.12048192771084335
