0 0.5154337887570347 0.3824870764437875 0.05168485443595256 0.13350866728199218
0 0.608401107788086 0.28299736976623535 0.06254701614379883 0.10852861404418945
0 0.7938141345977783 0.7852926015853882 0.07677488327026367 0.12224125862121582
0 0.288934588432312 0.7615190505981445 0.09486927986145019 0.12873058319091796
0 0.3527024745941162 0.3259315013885498 0.05634784698486328 0.09590339660644531
0 0.4007583498954773 0.791120982170105 0.09054491519927979 0.11980080604553223
0 0.03758919835090637 0.4558720111846924 0.07517839670181274 0.09471235275268555
0 0.213297634984382 0.29138777331548416 0.06470325747434187 0.10374832663989288
0 0.44460086822509765 0.7459722042083741 0.08805418014526367 0.11596097946166992
0 0.6783893637761428 0.9197866396412474 0.07796277999877929 0.1391603469848636
0 0.6557887593426379 0.735830270387615 0.09002890701753535 0.1403352395704104
0 0.36853221654891966 0.8344052076339722 0.07340214252471924 0.10280518531799317
0 0.3220136404037476 0.712196159362793 0.07643704414367676 0.09255075454711914
0 0.24564926372155296 0.19600624721106652 0.07362784471218208 0.09147701918786255
0 0.6974564926372155 0.8458277554663097 0.05800981704596169 0.10597947344935295
0 0.5485274431057564 0.40127175368139223 0.06135653726015162 0.12271307452030344
0 0.25680499776885324 0.27632753235162877 0.06024096385542161 0.10932619366354307
0 0.07440874609549315 0.2662873717090585 0.08366800535475234 0.12717536813922356
0 0.046519410977242374 0.23560910307898264 0.07028112449799198 0.1104417670682731
0 0.038152610441767154 0.1976796073181616 0.05577867023650156 0.0992860330209728
