0 0.7643916039422175 0.32073684401514274 0.06125297546386719 0.13789477348327636
0 0.42417058944702146 0.2913676738739014 0.07010812759399414 0.11189236640930175
0 0.28099353313446046 0.46976308822631835 0.07463927268981933 0.09726028442382813
0 0.14027867674667996 0.30472637051080603 0.07910351219160221 0.13061865567629066
0 0.08511329795408872 0.22545757367641783 0.08680151654162192 0.1485940003490831
0 0.6227526664733887 0.9517892360687256 0.07122268676757812 0.09642152786254883
0 0.9485795974731446 0.9096215248107911 0.07882022857666016 0.1613595962524414
0 0.49874172210693357 0.9037923812866211 0.08851261138916015 0.12585182189941407
0 0.6873196601867676 0.8581959724426269 0.07376699447631836 0.10106773376464843
0 0.6488505840301514 0.9135661125183105 0.06452131271362305 0.12248077392578124
0 0.04431455731391907 0.3275346517562866 0.08862911462783814 0.10638737678527832
0 0.5305159568786622 0.8040345907211304 0.08829994201660156 0.09298920631408691
0 0.9360925674438476 0.9612022399902344 0.06242084503173828 0.07638835906982422
0 0.9786072254180909 0.7716811656951904 0.04278554916381836 0.0750798225402832
0 0.25290049085229815 0.21497099509147705 0.07028112449799204 0.1204819277108434
0 0.18763944667559126 0.2428603302097278 0.07362784471218208 0.11155734047300309
0 0.16700133868808573 0.2640562248995984 0.09928603302097277 0.11601963409192324
0 0.750446229361892 0.25847835787594825 0.07028112449799193 0.12494422132976347
