0 0.4493413925170898 0.4380954623222351 0.06936368942260743 0.0964773416519165
0 0.9052026748657227 0.2577967612326331 0.054445648193359376 0.14210211038589476
0 0.3021687984466553 0.27623839378356935 0.0828768253326416 0.12208786010742187
0 0.12477792548526886 0.3421463632307006 0.07217551895360338 0.10263275323516285
0 0.05914102998736289 0.22984777865586462 0.06734935457235151 0.10115026503149714
0 0.6569611072540283 0.968922233581543 0.06563081741333007 0.05802440643310547
0 0.019888166338205338 0.2710008382797241 0.03899033516645432 0.10183987617492676
0 0.8284028053283692 0.9677970886230469 0.05311565399169922 0.06123275756835937
0 0.8549474716186524 0.935362720489502 0.07998733520507813 0.12638168334960936
0 0.6597229957580566 0.9043433189392089 0.07985191345214844 0.1256559371948242
0 0.018562895059585572 0.2035686731338501 0.036951714754104616 0.07773051261901856
0 0.03309485018253326 0.6026923656463623 0.06618970036506652 0.10755491256713867
0 0.9133199464524766 0.20493083444890678 0.045738509593931234 0.12494422132976347
0 0.24286033020972786 0.21441320838911204 0.07697456492637221 0.10374832663989293
0 0.176483712628291 0.33266398929049534 0.0847835787594823 0.10151717983043279
0 0.09672021419009377 0.21385542168674704 0.07920571173583218 0.11155734047300311
