0 0.5321921348571778 0.40587552785873415 0.06260480880737304 0.10534241199493408
0 0.19460154965965412 0.33089822961091464 0.08052034378051758 0.11145644187927246
0 0.9418268203735352 0.9626315116882325 0.08261032104492187 0.07355575561523438
0 0.22470459892301892 0.27921500251741077 0.07306303977966308 0.1258845329284668
0 0.9782777550496037 0.15158994656649627 0.04424781799316406 0.12807320356369034
0 0.7448588371276855 0.9440767288208007 0.07082653045654297 0.10114116668701172
0 0.018084723706864606 0.21988592705307447 0.03743608583035825 0.09684458949213737
0 0.0398679718375206 0.513213062286377 0.07856097519397735 0.09422521591186524
0 0.08101768493652343 0.6384945869445801 0.09471750259399414 0.1141118049621582
0 0.763242769241333 0.9911715030670166 0.035542869567871095 0.017656993865966798
0 0.9657518964747881 0.20381526104417677 0.04350736278447121 0.1494868362338242
0 0.2378402498884427 0.3304328424810353 0.06024096385542161 0.10821062025881302
0 0.2439759036144579 0.20214190093708168 0.05466309683177155 0.08813029897367244
0 0.053770638107987614 0.19433288710397148 0.09593931280678268 0.10821062025881302
