0 0.6145744800567627 0.3777116537094116 0.06286277770996093 0.104408597946167
0 0.08160527795553207 0.5437981605529785 0.09900651276111602 0.09898347854614258
0 0.30031236055332444 0.358666011564756 0.06693440428380189 0.09104911371407262
0 0.20032921433448792 0.2572181224822998 0.07728079557418824 0.10519132614135743
0 0.044062602519989016 0.2657815456390381 0.08660420179367065 0.09777388572692872
0 0.840906810760498 0.9622754096984864 0.07737274169921875 0.07494544982910156
0 0.1415928840637207 0.6711521625518799 0.08303141593933105 0.10747509002685547
0 0.019462287425994873 0.1851831018924713 0.03880239129066467 0.09317559003829956
0 0.05323558300733566 0.40636898279190065 0.09037269651889801 0.0866016149520874
0 0.2470395345658078 0.20905036545395583 0.05973482131958008 0.09232177734374998
0 0.3282016956715752 0.3198348951361 0.07809013833110212 0.10040160642570278
