0 0.23076393604278564 0.2910207986831665 0.0897904872894287 0.12479534149169921
0 0.8376787185668946 0.30086216926574705 0.04860134124755859 0.09867639541625976
0 0.5310972318857814 0.31724875399918495 0.07301225662231445 0.11903886795043946
0 0.39219642877578736 0.7868655920028687 0.10219199657440185 0.09490399360656739
0 0.09136959165334702 0.20360996723175048 0.08861751854419708 0.11096000671386719
0 0.295836353302002 0.6664287090301514 0.09496350288391113 0.10251178741455078
0 0.023635385930538176 0.2450129508972168 0.04727077186107635 0.078387451171875
0 0.04159641861915588 0.5940089702606202 0.08260135650634766 0.1001708984375
0 0.5568942436412316 0.28023203926818385 0.06916555109326201 0.10821062025881305
0 0.2411869701026328 0.20493083444890678 0.06247211066488174 0.11378848728246317
