0 0.3544506311416626 0.31943554878234864 0.08242158889770508 0.11862735748291016
0 0.9058749198913574 0.4196159362792969 0.0709320068359375 0.11702136993408203
0 0.6832992553710937 0.28559165000915526 0.06016759872436524 0.12260823249816895
0 0.1748701214790344 0.48993864059448244 0.10547859668731689 0.11057376861572266
0 0.03434114456176758 0.5100839614868165 0.06868228912353516 0.09656858444213867
0 0.11793811656385057 0.28537461658717794 0.08175790309906006 0.12618656158447267
0 0.9578950881958008 0.24346886277198793 0.045864295959472653 0.09327243566513062
0 0.11666255295276642 0.6528326034545898 0.10064610838890076 0.12603759765625
0 0.43841267824172975 0.7632191419601441 0.08459775447845459 0.10835537910461426
0 0.5485260009765625 0.8956469535827637 0.08412694931030273 0.1073873519897461
0 0.9757425785064697 0.5797575950622559 0.04851484298706055 0.10462207794189453
0 0.023922306299209595 0.1942190170288086 0.04701113700866699 0.08311452865600585
0 0.06437270641326905 0.4528495311737061 0.062082087993621825 0.10552120208740234
0 0.0457858145236969 0.4181350350379944 0.07004371881484986 0.13695123195648193
0 0.1268406961178046 0.249553770638108 0.07251227130745196 0.11155734047300309
0 0.23728246318607765 0.21106648817492193 0.07474341811691208 0.11267291387773315
