0 0.2803758144378662 0.4676233768463135 0.07341761589050293 0.11718778610229492
0 0.41957597732543944 0.31684610843658445 0.06619071960449219 0.12458038330078125
0 0.17959895133972167 0.682727861404419 0.11394319534301758 0.11223716735839843
0 0.805324649810791 0.3830960750579834 0.05296058654785156 0.12221670150756836
0 0.19197667124866105 0.2788962349727823 0.08763923645019531 0.12545175552368165
0 0.6485946655273438 0.9419270515441894 0.08544359207153321 0.11349277496337891
0 0.5233594417572022 0.8018874168395996 0.07568016052246093 0.10648059844970703
0 0.9038159370422363 0.5551945686340332 0.058379173278808594 0.10859470367431641
0 0.17302500009536742 0.437082040309906 0.07357933521270751 0.10615761280059814
0 0.1129990816116333 0.5007206439971924 0.0552962064743042 0.11119680404663086
0 0.7471047401428222 0.2645586013793945 0.04508543014526367 0.10757393836975097
0 0.11606179475784302 0.38075670003890993 0.048868203163146974 0.0686530351638794
0 0.9379308700561524 0.535409688949585 0.04248390197753906 0.11146612167358398
0 0.24487013100833036 0.18804704525916524 0.05584220886230469 0.08891377449035681
0 0.2205488621151272 0.2512271307452031 0.06804997768853191 0.10374832663989293
