0 0.3732103786528085 0.27589776942582067 0.05951833724975586 0.1315002918243408
0 0.4795547008514404 0.30846848487854006 0.06658315658569336 0.10989632606506347
0 0.6460259914398193 0.2940690994262695 0.04815692901611328 0.1084676742553711
0 0.2757174015045166 0.7448790788650512 0.11460371017456054 0.11928324699401856
0 0.7214937686920166 0.8817710876464844 0.07113122940063477 0.09081764221191406
0 0.47421979904174805 0.4071972370147705 0.057669448852539065 0.11916322708129883
0 0.8812372207641601 0.23324801921844482 0.046941375732421874 0.11560430526733398
0 0.23340260982513428 0.4483270764350891 0.08635902404785156 0.1085162878036499
0 0.026390063762664794 0.25451951026916503 0.05278012752532959 0.07154417037963867
0 0.09457869529724121 0.34270713329315183 0.06499326229095459 0.11249890327453613
0 0.07464229377956597 0.4315830526262563 0.10215662121772766 0.13738365173339875
0 0.34149330903886965 0.44353309439421235 0.08465447425842285 0.11686658859252941
0 0.36631003618240354 0.401971435546875 0.06797177791595459 0.1108403205871582
0 0.03935785729509549 0.5278357658147917 0.08023289442062378 0.12504138946533203
0 0.23951360999553778 0.2004685408299866 0.07474341811691208 0.09817045961624274
0 0.3761713520749666 0.23951360999553772 0.04685408299866135 0.10709504685408296
0 0.7582552431950023 0.5161758143685854 0.05020080321285129 0.10709504685408301
0 0.7883757251227131 0.48772869254796963 0.05243195002231152 0.11044176706827316
0 0.033690316822847025 0.47043730477465423 0.05354752342704148 0.104863900044623
0 0.02019187862561359 0.39135988398036586 0.04038375725122718 0.09568273092369477
