0 0.16724358987510332 0.2635321855545044 0.07856414318084717 0.09890594482421874
0 0.6447636604309082 0.34704084396362306 0.07708244323730469 0.10683488845825195
0 0.9426179885864258 0.9560312747955322 0.06467742919921875 0.08793745040893555
0 0.13187565803527831 0.5805668830871582 0.09895617961883545 0.10435371398925782
0 0.2785970687866211 0.3941444635391235 0.07386627197265624 0.1113828182220459
0 0.571000623703003 0.3043403625488281 0.05461597442626953 0.12256526947021484
0 0.18458142280578613 0.5445219039916992 0.10627717971801758 0.11453657150268555
0 0.42055744267850514 0.7925998888075325 0.09719979763031006 0.10900368690490722
0 0.3194558839827762 0.5282242827519729 0.07309350967407227 0.11923465728759766
0 0.6136212348937988 0.4781933307647705 0.07165794372558594 0.11214714050292969
0 0.5435867309570312 0.39820735454559325 0.06158151626586914 0.10164694786071778
0 0.11073347628116607 0.48632144927978516 0.07864410281181336 0.0946730613708496
0 0.5320204257965088 0.2549724597901119 0.046710777282714847 0.10300135612487793
0 0.6515357017517089 0.45067033767700193 0.052032089233398436 0.1002577781677246
0 0.9899228096008301 0.20718885064125062 0.019852256774902342 0.09812434911727905
0 0.037491486966609956 0.4848641395568848 0.07357681095600128 0.09339399337768554
0 0.13190252495258853 0.3941538505658461 0.0785306453704834 0.07574374675750732
0 0.15897215604782106 0.44998172190188296 0.08837416172027587 0.0981902122497557
0 0.22946459866165847 0.20614724684804214 0.06582980155944824 0.09145684242248538
0 0.5345468044281005 0.3364023447036743 0.03958559036254883 0.06735682487487793
0 0.5061356537260152 0.212739848282017 0.039045069165551165 0.1249442213297635
0 0.5295626952253459 0.2417447568049978 0.04127621597501119 0.11601963409192322
