0 0.42613515853881834 0.20714110732078553 0.07234420776367187 0.0979627251625061
0 0.24904298782348633 0.26243951320648196 0.08445367813110352 0.09594168663024902
0 0.05979473449352973 0.582210185792711 0.11066488174921917 0.11335740619235568
0 0.36006755447983474 0.5692185106366833 0.06473236083984375 0.10275907516479492
0 0.21621768474578856 0.6098232269287109 0.11114482879638672 0.10883722305297852
0 0.3607031374677704 0.43474844181872757 0.08002165902251387 0.131618689767275
0 0.209255322381781 0.47117552538101076 0.059401001822783586 0.15096327744653745
0 0.16472463607788085 0.5123542308807373 0.08063697814941406 0.1073084831237793
0 0.19097961849636505 0.4191209281570727 0.062485207451714465 0.11155734047300306
0 0.2675801781393066 0.581945105579909 0.11454959463615716 0.11165641980849969
0 0.09036166191845799 0.5158844742909013 0.10394854545593261 0.10531406402587891
0 0.49369397163391116 0.844504451751709 0.08374853134155273 0.10301074981689454
0 0.24062918340026773 0.20660419455600182 0.06804997768853191 0.10151717983043285
0 0.5407184292726462 0.462628290941544 0.05689424364123157 0.10932619366354314
0 0.5886880856760375 0.428603302097278 0.06358768406961185 0.12159750111557344
0 0.6305220883534137 0.3739402052655065 0.06470325747434197 0.11713520749665328
0 0.6210397144132085 0.3415885765283356 0.06358768406961164 0.12829094154395362
0 0.7030343596608657 0.3176037483266399 0.06693440428380179 0.12940651494868363
0 0.6394466755912539 0.2774431057563588 0.0423917893797411 0.10932619366354307
0 0.6037483266398931 0.23337795626952257 0.04462293618920112 0.09705488621151272
0 0.6065372601517182 0.22166443551985723 0.05689424364123157 0.12048192771084337
