0 0.013643462739848303 0.44167634197134675 0.028937974118697064 0.12320096595965024
0 0.4407679557800293 0.47453107833862307 0.054819679260253905 0.1284879684448242
0 0.7730427265167237 0.3016407251358032 0.04387187957763672 0.10407114028930664
0 0.42117058038711547 0.6334903717041016 0.07688701152801514 0.11155529022216797
0 0.32651519775390625 0.254192852973938 0.0612299919128418 0.11115732192993164
0 0.6792247772216797 0.2125413179397583 0.04252815246582031 0.11533417701721191
0 0.2605863094329834 0.4837543487548828 0.08500056266784668 0.11523723602294922
0 0.5625575065612793 0.8959843635559082 0.1086665153503418 0.12244739532470703
0 0.5000470638275146 0.4280973434448242 0.07515134811401367 0.11603899002075195
0 0.3288013458251953 0.6221558094024658 0.08242340087890625 0.1179316520690918
0 0.1369946241378784 0.5621987342834472 0.07417175769805909 0.10062503814697266
0 0.21461281776428223 0.5379048347473144 0.09680914878845215 0.100537109375
0 0.7121001243591308 0.3633077383041382 0.053019046783447266 0.10791068077087403
0 0.2684209990426931 0.4338424615964248 0.07527399063110352 0.11223852634429958
0 0.7212375164031982 0.26240227222442625 0.05551023483276367 0.1151893138885498
0 0.5237480549767634 0.4011453037440696 0.05874423980712891 0.11200332641601557
0 0.686940154556928 0.31220618010311985 0.03903398513793945 0.10172924995422364
0 0.2852638244628906 0.6604351043701172 0.08228569030761719 0.10374870300292968
0 0.08771798312664032 0.6152263164520264 0.10683742165565491 0.11376562118530273
0 0.22556894243641237 0.21552878179384205 0.0758589915216422 0.1282909415439536
0 0.3136992414100848 0.20046854082998664 0.07139669790272193 0.10709504685408301
0 0.05265506470325755 0.4246987951807229 0.08701472556894248 0.12940651494868363
