0 0.5746549606323242 0.446844482421875 0.06995058059692383 0.1078211784362793
0 0.6338681221008301 0.43837924003601075 0.060572052001953126 0.0941579818725586
0 0.9123345375061035 0.9421550750732421 0.07287235260009765 0.11031990051269532
0 0.7169323444366456 0.21977894902229309 0.036926555633544925 0.0968328833580017
0 0.20678622722625734 0.27910423278808594 0.07124466896057129 0.0960627555847168
0 0.4076361656188965 0.2137533187866211 0.06310138702392579 0.11672115325927734
0 0.5035612535612535 0.25847125019442996 0.045109211775878455 0.12693214348578383
0 0.16340590715408326 0.29605956077575685 0.06516766548156738 0.10411596298217773
0 0.4039585947990417 0.18019289374351502 0.05953981876373291 0.07868653535842896
0 0.5255223171889837 0.24299620132953464 0.07003798670465336 0.11277302943969611
