0 0.7699990272521973 0.5916404724121094 0.061956024169921874 0.10858640670776368
0 0.28722290992736815 0.7346720218658447 0.10887794494628907 0.10929946899414063
0 0.1419545978307724 0.5980865478515625 0.09791978001594544 0.12789325714111327
0 0.5603162765502929 0.2481860935688019 0.047237396240234375 0.09751228094100953
0 0.16795475482940675 0.2860304355621338 0.0599332332611084 0.1011887550354004
0 0.09646572768688202 0.6354530334472657 0.09993286728858948 0.10797357559204102
0 0.03939812034368515 0.22052595019340515 0.07779078781604767 0.10348230600357056
0 0.34889543056488037 0.6794060230255127 0.0785099983215332 0.09896173477172851
0 0.48063292503356936 0.5007384300231934 0.0655137062072754 0.10174636840820313
0 0.9671517372131347 0.2323301315307617 0.038659095764160156 0.0960306167602539
0 0.39537438154220583 0.5750828742980957 0.06855528354644776 0.09975299835205079
0 0.23848848848848853 0.4790182014604708 0.07757757757757765 0.10693530181984046
0 0.3116715531330089 0.3726614986931359 0.06384408092116929 0.11193961400288838
0 0.4685603141784668 0.7894621849060058 0.0754572868347168 0.10207462310791016
0 0.9120670318603515 0.2716697931289673 0.05793418884277344 0.09906611442565919
0 0.21088852763653282 0.5157632330635766 0.1102549767589665 0.10485992025923334
0 0.8303303303303303 0.9842967967967969 0.05255255255255267 0.03140640640640623
0 0.890434455871582 0.468626880645752 0.05509243011474609 0.12280912399291992
0 0.9242343902587891 0.43235241174697875 0.06262760162353516 0.12540109157562257
0 0.358614444732666 0.605738639831543 0.06885313987731934 0.09574813842773437
0 0.5417616844177247 0.711970329284668 0.08673439025878907 0.1071319580078125
0 0.9080768585205078 0.3998181939125061 0.0648590087890625 0.1528403043746948
0 0.2357790238267786 0.2053337183681217 0.06715364324915277 0.1026093786781853
0 0.9092032089844361 0.18198086471409652 0.04469718933105469 0.07578083276748657
0 0.616991991991992 0.7965465465465467 0.08883883883883893 0.12387387387387394
0 0.9047797797797797 0.2391141141141141 0.05630630630630633 0.10260260260260257
0 0.9016516516516516 0.15653153153153157 0.04004004004004013 0.08008008008008007
0 0.34234234234234234 0.35235235235235235 0.07757757757757755 0.10885885885885885
