0 0.6443679332733154 0.24911823272705078 0.06406984329223633 0.10144152641296386
0 0.2270966053009033 0.6347644805908204 0.11253480911254883 0.11518583297729493
0 0.5574164390563965 0.5451468467712403 0.07340278625488281 0.10964088439941407
0 0.8930795669555665 0.6463866233825684 0.0523040771484375 0.11214828491210938
0 0.432862913608551 0.7229828834533691 0.0970966100692749 0.10621299743652343
0 0.4547147750854492 0.611233139038086 0.10182151794433594 0.09724054336547852
0 0.5675919055938721 0.8401464462280274 0.09084510803222656 0.11799087524414062
0 0.1766206741333008 0.6831170082092285 0.11493482589721679 0.116229248046875
0 0.6156041622161865 0.7869790315628051 0.07808313369750977 0.1409512996673584
0 0.2746990203857422 0.5500446796417237 0.07833213806152343 0.11160364151000976
0 0.3200896501541138 0.5181159019470215 0.10160703659057617 0.11320104598999023
0 0.25850850850850854 0.2741491491491492 0.08258258258258255 0.10010010010010009
0 0.36244704723358157 0.768173336982727 0.08799290657043457 0.10383505821228027
0 0.8539956092834473 0.45009355545043944 0.05788345336914062 0.1373528480529785
0 0.029154154154154177 0.5269019019019019 0.058308308308308354 0.1101101101101101
0 0.06646232628249552 0.17747896879881592 0.07136309100342939 0.1069599395996338
0 0.8736822128295898 0.420870304107666 0.036517333984375 0.10269203186035156
0 0.9773805219251234 0.3233632406076273 0.04570198479118769 0.10927952479075147
0 0.8524165153503418 0.35297465324401855 0.04224891662597656 0.08639955520629883
0 0.4239050388336182 0.632014274597168 0.06002931594848633 0.08089885711669922
0 0.98178071975708 0.17479611039161683 0.035454177856445314 0.08276108503341675
0 0.6915445327758789 0.8521258354187011 0.062191009521484375 0.10981979370117187
0 0.9466120719909668 0.19364184141159058 0.044597816467285153 0.10201547145843506
0 0.2553803803803804 0.36835176808698045 0.06881881881881877 0.11583266530308992
0 0.2791541541541542 0.33358358358358364 0.07132132132132138 0.11386386386386387
0 0.2447447447447448 0.21096096096096095 0.06756756756756761 0.11136136136136135
0 0.027902902902902923 0.4799049049049049 0.055805805805805846 0.07647647647647657
0 0.018518518518518545 0.5888888888888889 0.03703703703703709 0.05370370370370381
0 0.9517017017017018 0.22972972972972974 0.047547547547547656 0.10135135135135137
0 0.9773523523523522 0.15340340340340344 0.028778778778778737 0.07882882882882881
