0 0.8166586875915527 0.6486735343933105 0.07948341369628906 0.10488109588623047
0 0.25985119342803953 0.552958631515503 0.08505535125732422 0.10545635223388672
0 0.4507758140563965 0.7542460918426513 0.08351154327392578 0.1072310447692871
0 0.384624719619751 0.80248544216156 0.09639472961425781 0.09877972602844239
0 0.20286352634429933 0.6183311939239502 0.09575743675231933 0.11881380081176758
0 0.7100165843963623 0.40146522521972655 0.05395317077636719 0.12778177261352539
0 0.8604737281799316 0.2283245801925659 0.049259376525878903 0.09832777976989746
0 0.449434757232666 0.20808666348457336 0.043704986572265625 0.09064964056015015
0 0.08904242515563965 0.30888187885284424 0.07618684768676758 0.11198158264160156
0 0.15407501459121703 0.6684892177581787 0.11122701168060303 0.10958147048950195
0 0.5445409774780273 0.5957277297973633 0.058734798431396486 0.12687463760375978
0 0.7378348350524903 0.37044371366500856 0.04306106567382813 0.10996382236480713
0 0.6646624565124511 0.6637073040008545 0.07743263244628906 0.10333976745605469
0 0.6941246032714844 0.3101694345474243 0.03885087966918945 0.09475655555725097
0 0.5019690513610839 0.6306696891784668 0.06915559768676757 0.10362014770507813
0 0.134313702583313 0.28752751350402833 0.07463877201080323 0.10528111457824707
0 0.6874885004681272 0.8183106734587982 0.07297094701169368 0.10286814257189324
0 0.6265777111053467 0.7048356056213378 0.05957870483398438 0.10536460876464844
0 0.8691857337951661 0.9391003608703613 0.06746597290039062 0.10192489624023438
0 0.819516944885254 0.9760753154754639 0.06726875305175781 0.04784936904907226
0 0.6282453395940879 0.9108483906384107 0.09135716865967233 0.1179929084128685
0 0.31899702548980713 0.1697898507118225 0.08531169891357422 0.10330989360809326
0 0.21241482116199947 0.1817800753885084 0.06966485217049555 0.10215556493869894
0 0.2447447447447448 0.21346346346346348 0.0625625625625626 0.10885885885885885
