0 0.5176440715789795 0.19477633237838746 0.05970964431762695 0.09544064998626708
0 0.5328155994415283 0.8053452491760253 0.10155010223388672 0.11431140899658203
0 0.39925776720046996 0.16034083366394042 0.06304881572723389 0.10271716117858887
0 0.7302728652954101 0.6861104965209961 0.07263813018798829 0.10191001892089843
0 0.2688716173171997 0.6554561138153077 0.09026017189025878 0.11355733871459961
0 0.19874059557914733 0.7147996902465821 0.08397938013076782 0.11226005554199218
0 0.34798583984375 0.5954721927642822 0.07934737205505371 0.10563879013061524
0 0.9266530990600585 0.2177285671234131 0.04643669128417969 0.09286866188049317
0 0.7176558017730713 0.950593090057373 0.0790492057800293 0.09709796905517579
0 0.6340056419372558 0.6139203071594238 0.07371482849121094 0.10526800155639648
0 0.46378183364868164 0.8442239046096802 0.0931844711303711 0.10366454124450683
0 0.6706300665308405 0.3818522756402796 0.0716527798512318 0.1103011478771557
0 0.7694349297054777 0.8635020847435112 0.09342441396550961 0.10012729261014552
0 0.6890834883287982 0.7364273531897528 0.0878766863673059 0.11374559727039658
0 0.050893886387348174 0.29463772773742675 0.08814111649990082 0.1171900749206543
0 0.595878791809082 0.6562918186187744 0.08689041137695312 0.10625591278076171
0 0.10074234008789062 0.26534712314605713 0.08527295589447022 0.09176912307739257
0 0.9742886066436768 0.9795586585998535 0.05142278671264648 0.04088268280029297
0 0.6452823638916015 0.3114964246749878 0.06624670028686523 0.1299135684967041
0 0.2441540241241455 0.21441800594329835 0.07077922821044921 0.08877201080322265
0 0.8996895575308584 0.6866454264542481 0.05647674079413879 0.10927683889448221
0 0.28732914924621583 0.16374011039733888 0.06240272521972656 0.08224067687988282
0 0.6935136318206787 0.356355094909668 0.059522819519042966 0.1234375
