0 0.856313419342041 0.1673858642578125 0.046423149108886716 0.10570578575134278
0 0.04859091639518738 0.33436009883880613 0.09654659032821655 0.11776943206787109
0 0.34199728142391816 0.2848843031698042 0.06075018189690858 0.1040528906238926
0 0.7522246837615967 0.9771888732910157 0.05676279067993164 0.04528999328613281
0 0.3034109830856323 0.23604776859283447 0.04903292655944824 0.10767412185668945
0 0.12114653885364532 0.44321303367614745 0.0847230851650238 0.1066361427307129
0 0.9262174606323242 0.1937383234500885 0.04879741668701172 0.07961772680282593
0 0.18150099803496889 0.22878628531256476 0.06370269677063839 0.0969619600145189
0 0.017009490728378297 0.36866878271102904 0.033888989686965944 0.11731808185577393
0 0.9804795265197754 0.9778759002685546 0.03682403564453125 0.044248199462890624
0 0.1481644868850708 0.43009740114212036 0.06670603752136231 0.09936988353729248
0 0.936061061061061 0.036411411411411444 0.038788788788788775 0.05005005005005005
0 0.35610610610610616 0.25350350350350354 0.07757757757757755 0.12137137137137136
