0 0.18966929316520692 0.4664332389831543 0.09020372629165649 0.11011466979980469
0 0.04694310426712036 0.3848532199859619 0.09177759885787964 0.12261371612548828
0 0.9303652763366699 0.1687100350856781 0.040384864807128905 0.09821101427078247
0 0.2901956934534926 0.27560312958524436 0.07659271644164801 0.10928756799000504
0 0.10465714931488038 0.35206005573272703 0.10682361125946045 0.11368041038513184
0 0.9820250511169434 0.1823171019554138 0.03346748352050781 0.0865776777267456
0 0.17885981651000035 0.2258223440006361 0.06759617622987722 0.10216700519025611
0 0.21505770683288575 0.45341062545776367 0.066619873046875 0.09660549163818359
0 0.021636375784873964 0.4196240544319153 0.04327275156974793 0.09036576747894287
0 0.23831241324416594 0.23472478945031122 0.0532897034261981 0.10319999374895009
0 0.30947293447293445 0.24299620132953464 0.08428300094966759 0.12939221272554605
0 0.9796296296296296 0.020833333333333332 0.03888888888888889 0.041666666666666664
0 0.8502730294396962 0.9887345679012345 0.06426875593542265 0.020679012345679152
