0 0.045257379114627835 0.42984236478805543 0.08959278762340546 0.110378098487854
0 0.9807339668273926 0.17100516557693482 0.037489891052246094 0.09509174823760987
0 0.12075874507427216 0.4026900291442871 0.11041441559791565 0.10528764724731446
0 0.24853242793087713 0.2752568646600331 0.06964929418572892 0.09942161156128161
0 0.2555108070373535 0.48378863334655764 0.07717304229736328 0.11520681381225586
0 0.28535435199737547 0.4736363887786865 0.06736083030700683 0.11299295425415039
0 0.01729838252067566 0.25894463062286377 0.03459676504135132 0.0882345199584961
0 0.1876744270324707 0.24703763127326966 0.08529419898986816 0.1059505820274353
0 0.15673178434371948 0.3734379529953003 0.08510568141937255 0.11457734107971192
0 0.263770180436847 0.2391975308641975 0.09377967711301048 0.11514719848053179
