0 0.23114622235298157 0.39873950481414794 0.08680933713912964 0.11960158348083497
0 0.1229621171951294 0.4598374366760254 0.08899636268615722 0.10637397766113281
0 0.17689787745475768 0.42264461517333984 0.0828898549079895 0.11643667221069336
0 0.2106112003326416 0.2672422885894775 0.0699275016784668 0.1124809741973877
0 0.1404240369796753 0.2507685422897339 0.07034053802490234 0.11286182403564453
0 0.35331151485443113 0.48528056144714354 0.05337743759155274 0.09375572204589844
0 0.037808729806005796 0.2635759397352139 0.07088052351963488 0.11662749369851742
0 0.32138397693634035 0.5044396400451661 0.06249489784240723 0.10161409378051758
0 0.03359848409891129 0.42836776971817014 0.06686989963054657 0.09750773906707763
0 0.03866012394428253 0.34125123023986814 0.07732024788856506 0.09578619003295899
0 0.017830949761642824 0.48675742574257425 0.03566189952328565 0.04573707370737073
0 0.19196919691969194 0.23047304730473048 0.055922258892555914 0.10542720938760547
0 0.1681334800146681 0.21901356802346902 0.05775577557755777 0.08984231756508988
0 0.04803813714704802 0.2584341767510084 0.0815914924825816 0.10084341767510085
