0 0.3240290403366089 0.4781311511993408 0.08189349174499512 0.11164312362670899
0 0.09459196478128433 0.4902945518493652 0.09638721644878387 0.11544504165649414
0 0.36675729751586916 0.4390666961669922 0.07586050033569336 0.10742006301879883
0 0.14043862819671632 0.4451835036277771 0.09724247455596924 0.11188147068023682
0 0.03630993366241455 0.5419479846954346 0.070906662940979 0.09844141006469727
0 0.2698153018951416 0.5101188659667969 0.07330532073974609 0.09806699752807617
0 0.04656745046377182 0.3401165246963501 0.08977384865283966 0.11075801849365234
0 0.49025716781616213 0.5376947402954102 0.06737337112426758 0.10487709045410157
0 0.5128720760345459 0.5241589546203613 0.05443735122680664 0.10064945220947266
0 0.12551997433263787 0.30498466188945467 0.09016031903564602 0.11886665505706946
0 0.18586345314979552 0.3249946117401123 0.07163017988204956 0.11735997200012208
0 0.09427995681762695 0.22491192817687988 0.053051090240478514 0.08050761222839356
0 0.17647980640804958 0.23282193279770952 0.06972548583197212 0.11213857459012788
0 0.06101190476190481 0.21436838624338628 0.07192460317460318 0.10830026455026451
0 0.03153935185185188 0.3567294973544973 0.06307870370370376 0.09308862433862433
0 0.1424437830687831 0.2900132275132275 0.07275132275132273 0.10416666666666667
0 0.14409722222222227 0.25529100529100535 0.06117724867724869 0.10582010582010581
