0 0.08095791339874267 0.5727960109710694 0.11007673740386963 0.10038585662841797
0 0.20029119849205018 0.4627288818359375 0.08721648454666138 0.10703067779541016
0 0.15839605331420897 0.5062156200408936 0.10062241554260254 0.10595693588256835
0 0.40222835540771484 0.5132363319396973 0.08932132720947265 0.1080866813659668
0 0.34528203010559083 0.546764612197876 0.08249087333679199 0.10153703689575196
0 0.43971571922302244 0.4620546340942383 0.09375429153442383 0.105474853515625
0 0.5639890670776367 0.5578153610229493 0.052016830444335936 0.10321903228759766
0 0.2787954790348632 0.3192019702265503 0.09951119903243076 0.11230831025915028
0 0.11218717992305756 0.3474602699279785 0.06980331540107727 0.10271120071411133
0 0.18736146092414857 0.2938669204711914 0.08370403051376343 0.12607746124267577
0 0.5926230430603028 0.5320442199707032 0.0456395149230957 0.09194011688232422
0 0.1065835815176742 0.2352177354170003 0.07129085063934333 0.09792275428771981
0 0.06368370056152343 0.21422238945960997 0.04932694435119629 0.09508680105209351
0 0.03122854232788086 0.43135747909545896 0.061948859691619874 0.09586105346679688
0 0.020395395395395425 0.6054054054054054 0.04079079079079085 0.06821821821821827
0 0.07082082082082088 0.36924424424424424 0.07757757757757759 0.10010010010010012
0 0.03390890890890896 0.35297797797797803 0.061311311311311345 0.10510510510510508
0 0.1801698898473092 0.23941060432995923 0.0586671393123006 0.12900435884306852
0 0.2771672771672772 0.28988603988603995 0.07224257224257226 0.10175010175010175
0 0.19563918757467147 0.2818847072879331 0.07317801672640382 0.10229988052568699
0 0.04778972520908004 0.19862604540023893 0.06272401433691757 0.10603345280764634
