0 0.25644755363464355 0.48563432693481445 0.08591928482055664 0.1079629898071289
0 0.46573700904846194 0.5428858757019043 0.0705754280090332 0.1146097183227539
0 0.41454310417175294 0.580691146850586 0.09184064865112304 0.09739704132080078
0 0.2013491153717041 0.5378603458404541 0.07949395179748535 0.10822639465332032
0 0.49997973442077637 0.4883733749389648 0.06229257583618164 0.1119222640991211
0 0.2551454544067383 0.292582368850708 0.08177533149719238 0.1201974868774414
0 0.12733180224895477 0.5988650798797608 0.09944501519203186 0.10474224090576172
0 0.6538291454315186 0.5752950668334961 0.06886110305786133 0.10191411972045898
0 0.039132197891321996 0.6182032228515225 0.07826439578264399 0.10557787438346487
0 0.34252757516929544 0.3087203340615476 0.07167439460754395 0.11809673309326171
0 0.6788876056671143 0.5610650062561036 0.052323436737060545 0.10336942672729492
0 0.09561423063278199 0.3438061475753784 0.07053596973419189 0.10301923751831055
0 0.19553682804107667 0.35625615119934084 0.09427618980407715 0.10357017517089843
0 0.04901216626167297 0.44387407302856446 0.0931138277053833 0.11303243637084961
0 0.06683733398187933 0.23899180498533107 0.08257977745280966 0.1038284328957769
0 0.15940088033676147 0.36835857629776003 0.07108881473541259 0.10735585689544677
0 0.0333874020005407 0.4864828331981616 0.0667748040010814 0.08786158421194912
0 0.17592592592592599 0.2289808056231414 0.06826169234928356 0.10948905109489049
0 0.3597593944309273 0.2749391727493918 0.0736685590700189 0.10273046769397128
0 0.0333874020005407 0.210492700729927 0.0667748040010814 0.13024466071911328
