0 0.2691905975341797 0.5683371543884277 0.08975229263305665 0.11910200119018555
0 0.18084903955459594 0.6181528091430664 0.08252689838409424 0.10253677368164063
0 0.48880586624145506 0.6122086048126221 0.06267881393432617 0.10491247177124023
0 0.5465194702148437 0.575346851348877 0.0884465217590332 0.12328481674194336
0 0.5832972049713134 0.5218959808349609 0.0726426124572754 0.11681013107299805
0 0.3256465129641848 0.2635255223447876 0.08146368287624339 0.10368747826451662
0 0.09730398654937744 0.6649935245513916 0.10215809345245361 0.1168787956237793
0 0.03967515230178833 0.23144843578338622 0.07935030460357666 0.09432506561279297
0 0.4249553203582764 0.29534866809844973 0.06852874755859376 0.12360572814941406
0 0.7582287788391113 0.5767543315887451 0.03950958251953125 0.08888444900512696
0 0.7282842636108399 0.6013411521911621 0.05888357162475586 0.11282739639282227
0 0.18876180353444805 0.34412991705220936 0.06079115867614746 0.10717897415161133
0 0.26794398444855283 0.3525382443049658 0.056039287700809626 0.10530275290703454
0 0.05487568812161722 0.49911782604524463 0.08012363612651825 0.11968317031860351
0 0.1774268627166748 0.23101608753204345 0.06826872825622558 0.09895434379577636
0 0.24251129627227783 0.36963088512420655 0.05730657577514649 0.10711617469787597
0 0.422931913949878 0.2715679751607895 0.057662452872033726 0.10201818585052119
0 0.33089376801951653 0.2809935684187181 0.06764249279219343 0.10423597249944555
0 0.3308404558404558 0.5098528015194682 0.08784425451092112 0.11277302943969614
0 0.09690293742017879 0.47006704980842917 0.10775862068965518 0.1037675606641124
0 0.019149831649831642 0.4492845117845118 0.03261784511784511 0.07575757575757576
