0 0.6932091236114502 0.642967700958252 0.08654069900512695 0.11327991485595704
0 0.6463834762573242 0.6913759708404541 0.07290153503417969 0.12447738647460938
0 0.56936088283597 0.26391364533397366 0.07029239554810365 0.10792978994207453
0 0.3954559087753296 0.6150105953216553 0.07636609077453613 0.10928363800048828
0 0.3115062236785889 0.6795518398284912 0.08211297988891601 0.09883394241333007
0 0.4624311447143555 0.5593998908996582 0.07998485565185547 0.10494318008422851
0 0.7254922389984131 0.5916666984558105 0.05922136306762695 0.11281871795654297
0 0.8923451423645019 0.6561337947845459 0.0801809310913086 0.10518846511840821
0 0.3574954986572266 0.3258008241653442 0.0585026741027832 0.10081706047058106
0 0.45604212247728004 0.25028457449412295 0.061363467463740703 0.09493189408628501
0 0.24694325923919677 0.744608211517334 0.10024147033691407 0.09292125701904297
0 0.4500437259674072 0.3426083564758301 0.05061044692993164 0.1058049201965332
0 0.13678137063980103 0.29617063999176024 0.07499723434448242 0.07899398803710937
0 0.18108088970184327 0.5279547691345214 0.0958754539489746 0.13099679946899415
0 0.4190231800079346 0.3659348964691162 0.05031795501708984 0.10208520889282227
0 0.9212856292724609 0.6463869571685791 0.042546653747558595 0.10483083724975586
0 0.02917384721091847 0.5511551080856175 0.0595860287750441 0.09871317564163062
0 0.15130558027858623 0.5407748612279316 0.07746496172676313 0.11566278288471304
0 0.08296079400919568 0.44920694618894363 0.076009307316637 0.10674722571122057
0 0.17524509803921573 0.22766884531590417 0.07829520697167754 0.10416666666666667
0 0.043433235867446365 0.5140107212475634 0.08589181286549707 0.10477582846003902
0 0.07115009746588692 0.48294346978557506 0.09624756335282653 0.10843079922027296
0 0.4298747276688454 0.23039215686274514 0.04697712418300655 0.09872004357298475
0 0.5510620915032679 0.24162581699346408 0.04697712418300655 0.096677559912854
