0 0.4355537533760071 0.30977449417114256 0.07195937633514404 0.0976945400238037
0 0.3823203921318054 0.7036912441253662 0.070119309425354 0.10721626281738281
0 0.46582446098327634 0.6534240245819092 0.08314266204833984 0.12636003494262696
0 0.33531486988067627 0.7818024635314942 0.10406632423400879 0.09781436920166016
0 0.7169643402099609 0.7240058898925781 0.0623286247253418 0.10960607528686524
0 0.05710320621728897 0.3666306138038635 0.09340564906597137 0.11376006603240967
0 0.7628719329833984 0.6927126407623291 0.06655082702636719 0.11785163879394531
0 0.5254320621490478 0.5936389923095703 0.06730031967163086 0.11839656829833985
0 0.624685231867226 0.2473615046523349 0.05547962188720703 0.11177216768264771
0 0.8109868764877319 0.6385355472564698 0.08011994361877442 0.11045913696289063
0 0.5109089478241864 0.22843303442680601 0.05687170028686524 0.10969500541687012
0 0.506723687904626 0.3566833355487921 0.05718415315561026 0.10094976701401355
0 0.2318362057209015 0.5586678981781006 0.09789074659347534 0.13275499343872071
0 0.9746585369110108 0.6860198974609375 0.05068292617797852 0.09470224380493164
0 0.09106027212169202 0.5321149884043513 0.08214372002088034 0.10719144461271883
0 0.12906087537408267 0.49674573832431745 0.0843045078457578 0.10076445593065105
0 0.01862170100212097 0.4316511631011963 0.034930288791656494 0.03421993255615234
0 0.062132646135978416 0.5594991460576787 0.08902059197425842 0.10718984603881836
0 0.21650492169477561 0.5696816468978669 0.10152469114498339 0.10713320270076301
0 0.1373918829008649 0.4631292969616323 0.07762253271235307 0.09924595253936569
0 0.2376543209876543 0.29255698005698005 0.07656695156695155 0.07597340930674264
0 0.17384852801519468 0.22637701804368468 0.06885090218423552 0.10861823361823358
0 0.5293803418803419 0.3320275403608736 0.06172839506172836 0.09437321937321935
0 0.6207858499525167 0.23023504273504272 0.054605887939221304 0.10683760683760682
0 0.4985161443494777 0.2165835707502374 0.06172839506172847 0.10802469135802469
