0 0.23209916949272155 0.38860799074172975 0.09839130640029907 0.11417157649993896
0 0.8846150398254394 0.8468360900878906 0.06020851135253906 0.11416912078857422
0 0.5394294261932373 0.7580349445343018 0.0628331184387207 0.09754819869995117
0 0.6644217014312744 0.6570909500122071 0.07998008728027343 0.11286535263061523
0 0.6059803009033203 0.6983067512512207 0.06457557678222656 0.10658855438232422
0 0.7622924327850342 0.2222214937210083 0.049471473693847655 0.10962224006652832
0 0.6275974655512315 0.19845515643303124 0.034865112232498066 0.10250641992202347
0 0.5712900638580323 0.2853111505508423 0.05690441131591797 0.09857053756713867
0 0.731434965133667 0.20472741723060608 0.039229202270507815 0.10197304487228394
0 0.14219789505004882 0.42362414598464965 0.0861316442489624 0.10438172817230225
0 0.3168771531011488 0.6423860235376521 0.08346291101491969 0.12586313816639513
0 0.5141040802001953 0.8802737236022949 0.08077592849731445 0.10890254974365235
0 0.9742055892944336 0.7457726001739502 0.051588821411132815 0.11531190872192383
0 0.08449550569057465 0.37072426080703735 0.052794963121414185 0.08963639736175537
0 0.9373556137084961 0.7968369960784912 0.07278423309326172 0.12319974899291992
0 0.6763119748361242 0.3374144590200686 0.045784263270518065 0.10467482233859618
0 0.16433481301392638 0.620998555666453 0.08692788428611098 0.1096044902686958
0 0.24721090793609618 0.5469035119027108 0.06947650909423828 0.11235132217407226
0 0.4311371528967951 0.28879913241391014 0.07371603237066097 0.09571091391614096
0 0.17895454168319702 0.22414087653160095 0.05967409610748291 0.08700848817825317
0 0.05108308792114258 0.6599109172821045 0.10216617584228516 0.11398124694824219
0 0.9051010131835937 0.8242696523666382 0.09744873046875 0.1443481922149658
0 0.33983983983983984 0.6107357357357358 0.08508508508508507 0.12012012012012019
0 0.19907407407407415 0.585085085085085 0.08133133133133136 0.10385385385385389
0 0.2528778778778779 0.511886886886887 0.07632632632632629 0.10510510510510519
0 0.02665165165165167 0.34052802802802806 0.05330330330330334 0.06994494494494498
0 0.613882130305488 0.18876723438767237 0.0425790754257907 0.10610975939443087
0 0.6916058394160585 0.3165044606650446 0.045282508786158464 0.11286834279535012
