0 0.6945034503936768 0.9673310279846191 0.06722354888916016 0.06414604187011719
0 0.7018017768859863 0.26191399097442625 0.059885501861572266 0.09562411308288574
0 0.1691554605960846 0.3165907621383667 0.08466638326644897 0.09545650482177734
0 0.20262522697448732 0.7471901893615722 0.12148814201354981 0.11281089782714844
0 0.3692010760307312 0.43423914909362793 0.0891765832901001 0.12387542724609375
0 0.6971941947937011 0.8090937614440918 0.07696399688720704 0.0998016357421875
0 0.3781305092515933 0.5895189345782349 0.07570057271766409 0.10244893454284394
0 0.30288722515106203 0.45500617027282714 0.0750964641571045 0.10261039733886719
0 0.7356207847595215 0.17877979278564454 0.043148040771484375 0.10244598388671874
0 0.8843703269958496 0.20203027725219727 0.04191665649414063 0.10642428398132324
0 0.2790376260354593 0.6735288558898865 0.09157439757873115 0.09805871278077381
0 0.4201340198516846 0.685108232498169 0.07628202438354492 0.1196061134338379
0 0.5394012451171875 0.2589974641799927 0.051605224609375 0.09046506881713867
0 0.7461254119873046 0.7586938619613648 0.0742762565612793 0.12228512763977051
0 0.8644999504089356 0.18714330196380616 0.03632545471191406 0.0941014289855957
0 0.04642030423280426 0.394817515908095 0.09284060846560852 0.10048159266275077
0 0.8422619047619048 0.3040674603174603 0.04381613756613755 0.10251322751322751
0 0.7884523868560791 0.723991870880127 0.051417064666748044 0.09607477188110351
0 0.045912334322929384 0.5480823993682862 0.09164692759513855 0.10644063949584961
0 0.45822553634643554 0.6730916023254394 0.09633064270019531 0.11655807495117188
0 0.059958454649035244 0.48010466481432496 0.10871434871279377 0.11453031728297107
0 0.7905130624771118 0.7196188926696777 0.04853644371032715 0.08685283660888672
0 0.7139321928932553 0.16924656024054877 0.033519147691272566 0.10734232683030383
0 0.24133129119873048 0.39803481101989746 0.05014791488647461 0.07315692901611329
0 0.17733854055404663 0.22044527530670166 0.0588451623916626 0.08377394676208497
0 0.836061507936508 0.27885251322751325 0.04960317460317459 0.10830026455026454
0 0.3176726108824875 0.6354595336076818 0.07544581618655696 0.09830818472793784
0 0.383973479652492 0.5377229080932784 0.0800182898948331 0.1063100137174212
0 0.038808870598994086 0.4289951989026063 0.07761774119798817 0.10428669410150886
