0 0.44328961372375486 0.44946404695510866 0.06892681121826172 0.1168637990951538
0 0.7576831817626953 0.8580875396728516 0.061231136322021484 0.08850326538085937
0 0.7626972675323487 0.24995670318603516 0.04228916168212891 0.09851045608520508
0 0.8670879364013672 0.770121431350708 0.07479267120361328 0.10801324844360352
0 0.8110020637512207 0.785521674156189 0.05571269989013672 0.10950741767883301
0 0.7913341031367895 0.17478059916128466 0.05274515151977539 0.10798503160476684
0 0.37032533884048463 0.485638952255249 0.08392179012298584 0.10105323791503906
0 0.25163893699645995 0.30800490379333495 0.07853765487670898 0.09025311470031738
0 0.49045218890108105 0.72473995894294 0.08720091757586078 0.12673679469446913
0 0.8965637974904004 0.27802324146898943 0.05704075518754937 0.10648795232372905
0 0.2790236234664917 0.7802377223968506 0.10434021949768066 0.0989384651184082
0 0.33068389892578126 0.704208517074585 0.09617338180541993 0.10738801956176758
0 0.5649959087371826 0.26018946170806884 0.06680774688720703 0.1087146282196045
0 0.9403589248657227 0.188954097032547 0.03959598541259766 0.10329221487045288
0 0.4229471683502197 0.6160699844360351 0.06740846633911132 0.10131034851074219
0 0.3629284381866455 0.6661381244659423 0.0548701286315918 0.0954559326171875
0 0.05091956108808517 0.567406177520752 0.09831723272800445 0.12287607192993164
0 0.31538593769073486 0.4164504408836365 0.04537711143493652 0.08245308399200439
0 0.43331108093261717 0.5557633399963379 0.05851593017578125 0.08972005844116211
0 0.7921689510345459 0.989558219909668 0.04765024185180664 0.02017078399658203
0 0.10920516550540924 0.4113667130470276 0.08423029780387878 0.10624682903289795
0 0.5065044383226202 0.6939853076216713 0.07040097949188859 0.11172329354147537
0 0.9216406489133763 0.17783899602081418 0.042087542087542125 0.1002448729721457
0 0.8829966329966331 0.252448729721457 0.056626874808692926 0.11631466176920721
0 0.7793082338536884 0.15488215488215487 0.05127027854300576 0.10177532904805632
0 0.17707376798285887 0.2256657483930211 0.06963575145393326 0.10866238138965409
0 0.1162657502863688 0.4957044673539519 0.08877434135166096 0.11168384879725089
0 0.07331042382588772 0.44081710576555927 0.07731958762886598 0.09927453226422295
0 0.032264222985872434 0.6231386025200457 0.06013745704467355 0.11072928598701792
0 0.051832760595647155 0.4942726231386025 0.1011836578846888 0.1183657884688812
0 0.02496181748759067 0.5866981672394043 0.04992363497518134 0.09006300114547536
