0 0.5388284683227539 0.47333331108093263 0.08596973419189453 0.11398382186889648
0 0.32670087814331056 0.28969008922576905 0.05359129905700684 0.08972611427307128
0 0.5057826519012452 0.5851367950439453 0.06822509765625 0.10705833435058594
0 0.8293490409851074 0.2434849977493286 0.054485130310058597 0.09974236488342285
0 0.8428533554077149 0.9095882415771485 0.07441043853759766 0.11042747497558594
0 0.8475512216393492 0.16336421736730558 0.03591676753673133 0.0975157783696369
0 0.9437358592812092 0.23970461404291415 0.04555364154500357 0.09812396931712583
0 0.48616671562194824 0.6510739326477051 0.07094955444335938 0.11622076034545899
0 0.5518150600932057 0.7438664097221043 0.06622516556291393 0.10400129877997573
0 0.43720283508300783 0.6853192806243896 0.07148275375366211 0.08558664321899415
0 0.9823846817016602 0.17501198053359984 0.03523063659667969 0.10039517879486085
0 0.90107421875 0.8331320762634278 0.06957340240478516 0.1379903793334961
0 0.9439281463623047 0.8085773468017579 0.05390510559082031 0.11553688049316406
0 0.17710660099983216 0.42100110054016116 0.0685752272605896 0.10622825622558593
0 0.06463085602158447 0.639195486877606 0.10976207996075545 0.101177336276674
0 0.3899140477180481 0.7225576877593994 0.06200025081634521 0.08045015335083008
0 0.10468224287033082 0.5101833343505859 0.0893695592880249 0.10223388671875
0 0.382263487055514 0.8050127381579034 0.0938247551016285 0.07491443047840445
0 0.18702029585838317 0.5201020240783691 0.09499202966690064 0.10965261459350586
0 0.5905892372131347 0.2475116491317749 0.04728622436523437 0.0705869197845459
0 0.4018405795097351 0.4336390495300293 0.04746105670928955 0.06901369094848633
0 0.442616605758667 0.5003833770751953 0.06438970565795898 0.10956487655639649
0 0.17630558609962463 0.21932532787322997 0.06056774854660034 0.08961753845214844
0 0.5637723816531763 0.7201373558989452 0.0558008339465293 0.1244787834191807
0 0.8311258278145695 0.15231788079470196 0.039857738533235244 0.10117733627667401
0 0.9350625459896983 0.22038263428991905 0.04905567819475112 0.10730929605101794
0 0.044395388766249676 0.31328182487122885 0.08646063281824871 0.10056414029923962
0 0.1474123129752269 0.4503311258278145 0.07297032131469217 0.09259259259259255
0 0.07168260976207995 0.6014839342653912 0.09197939661515821 0.1201864115771401
0 0.09713024282560705 0.5883002207505519 0.0913662006377238 0.11221486387049298
0 0.05543684710351376 0.4014719848053181 0.09437321937321937 0.10624406457739789
0 0.032021604938271594 0.49879510921177594 0.06404320987654319 0.09203466286799622
