0 0.4154567837715149 0.2745195865631104 0.06728227138519287 0.09576005935668945
0 0.6150975704193116 0.5022064685821533 0.057244396209716795 0.11583147048950196
0 0.919842529296875 0.9432082176208496 0.07010917663574219 0.10064277648925782
0 0.4729146480560303 0.8698836326599121 0.08151826858520508 0.11295032501220703
0 0.6282266523069617 0.814466177130234 0.08604353314032222 0.13426701532188032
0 0.8797656059265136 0.22680625915527344 0.03957996368408203 0.09505209922790528
0 0.8954679489135742 0.16538926362991332 0.03942604064941406 0.09824569225311279
0 0.9708023548126221 0.8877114295959473 0.05839529037475586 0.11764068603515625
0 0.2516507148742676 0.4375858187675476 0.07367887496948242 0.09484388828277587
0 0.5636385917663574 0.6114852905273438 0.05666780471801758 0.09668121337890626
0 0.4732240676879883 0.7627485752105713 0.08515701293945313 0.12261743545532226
0 0.11638340950012208 0.3078951835632324 0.06932270526885986 0.09362955093383789
0 0.6291687965393067 0.24204061031341553 0.05780601501464844 0.11329588890075684
0 0.5075790882110596 0.721394157409668 0.08210639953613282 0.10032176971435547
0 0.5219024181365967 0.5297401905059814 0.05618858337402344 0.08634471893310547
0 0.5440910339355469 0.6725991249084473 0.047608566284179685 0.09331169128417968
0 0.4896886348724365 0.4763630390167236 0.04796285629272461 0.08821249008178711
0 0.12167869852878199 0.623368993798605 0.09093793723777029 0.10796934882857125
0 0.11895236968994141 0.40909299850463865 0.08309619426727295 0.09605264663696289
0 0.17646896839141846 0.2203061580657959 0.057045364379882814 0.08225650787353515
0 0.9866824271079591 0.20396966115051218 0.02478329393223004 0.11243104806934597
0 0.9762608353033885 0.18863278171788805 0.039401103230890536 0.09751773049645389
0 0.8831757289204097 0.14627659574468083 0.03447596532702922 0.10342789598108745
0 0.6487391646966114 0.7663514578408196 0.08766745468873127 0.11820330969267129
0 0.24831649831649832 0.5567580567580568 0.088985088985089 0.10942760942760948
0 0.22727272727272727 0.4746873496873497 0.0986050986050986 0.10642135642135642
0 0.08507696007696008 0.6791125541125541 0.10521885521885521 0.10882635882635883
0 0.15662578162578164 0.6075637325637325 0.10521885521885523 0.1028138528138529
0 0.15662578162578164 0.5453342953342952 0.10281385281385282 0.1118326118326118
0 0.03186628186628186 0.5823112073112073 0.06373256373256372 0.104016354016354
0 0.03457190957190957 0.5435305435305435 0.06914381914381915 0.08898508898508897
0 0.06854256854256854 0.5272967772967773 0.08658008658008659 0.07936507936507932
0 0.07064694564694564 0.45454545454545453 0.07756132756132757 0.07696007696007696
0 0.08778258778258778 0.44462481962481964 0.06854256854256854 0.08357383357383359
0 0.032768157768157766 0.3778860028860028 0.05832130832130832 0.09319384319384319
