0 0.7044814109802247 0.5281743049621582 0.05625572204589844 0.12859163284301758
0 0.489166259765625 0.2534099340438843 0.04946765899658203 0.09857935905456543
0 0.93411865234375 0.21501176953315734 0.05489501953125 0.09378689527511597
0 0.5907559394836426 0.9312806129455566 0.11550121307373047 0.11619243621826172
0 0.14214886724948883 0.7126978874206543 0.10241405367851257 0.12299051284790039
0 0.6958760261535645 0.8368283033370971 0.07461538314819335 0.1173250675201416
0 0.6301677227020264 0.7065907478332519 0.08160533905029296 0.12206268310546875
0 0.5498583295984053 0.7957769620415326 0.08349605903460482 0.10322844953142515
0 0.6801764488220214 0.22914454936981202 0.045168495178222655 0.08824043273925782
0 0.6096858501434326 0.5616981983184814 0.05106191635131836 0.10491905212402344
0 0.22555603981018066 0.5808763027191162 0.10360770225524903 0.11638031005859376
0 0.05705248564481735 0.5989727020263672 0.09103356897830964 0.10875158309936524
0 0.32026147842407227 0.4602085590362549 0.07697629928588867 0.10012197494506836
0 0.31329262256622314 0.5918564319610595 0.09328875541687012 0.12306652069091797
0 0.09797337055206298 0.3543667793273926 0.08258922100067138 0.1523900032043457
0 0.9860980033874511 0.9792027473449707 0.026037216186523438 0.040924453735351564
0 0.5791336536407471 0.502859354019165 0.04595603942871094 0.09649410247802734
0 0.21001412868499755 0.28632869720458987 0.0833205223083496 0.11739373207092285
0 0.023933602124452592 0.3103170394897461 0.0475269541144371 0.08752274513244629
0 0.6341280460357666 0.663350248336792 0.0770461082458496 0.12439651489257812
0 0.16093523001696622 0.6549334113937547 0.09283621744646776 0.10035073735901519
0 0.9459776769170377 0.1496760776684909 0.04172556199844419 0.0860512632039728
0 0.2778533697128296 0.48807058334350584 0.06127386093139649 0.09690818786621094
0 0.7074885104082184 0.7879156528791565 0.06082725060827251 0.08110300081102997
0 0.5824547174912139 0.7608813192754799 0.08515815085158152 0.09867531765341979
0 0.18099486347661534 0.22391186807245206 0.06758583400919167 0.10070289267369556
0 0.1989051094890511 0.637537172208705 0.10475804271424707 0.10610975939443097
0 0.18505001351716682 0.4337658826709922 0.08110300081103 0.09732360097323602
0 0.14922952149229524 0.46451743714517435 0.07164098404974317 0.09664774263314407
0 0.13469856718031906 0.49121384157880504 0.0682616923492836 0.10543390105433903
0 0.12320897539875646 0.5571100297377669 0.04257907542579077 0.08177885915112186
