0 0.9558252334594727 0.28467018604278566 0.06264705657958984 0.11536669731140137
0 0.6966873168945312 0.19447324872016908 0.030809879302978516 0.09546221494674682
0 0.4318994522094727 0.28106610774993895 0.05062990188598633 0.09373784065246582
0 0.8836827278137207 0.6807551860809327 0.052918434143066406 0.10739879608154297
0 0.20544934272766113 0.32957844734191893 0.07705368995666503 0.09354243278503419
0 0.20716328620910646 0.7035661220550538 0.09589762687683105 0.13508052825927735
0 0.9720664978027344 0.6526131153106689 0.05578899383544922 0.12813425064086914
0 0.5087565422058106 0.6679002285003662 0.06317863464355469 0.11071500778198243
0 0.511066840313099 0.5591724537037037 0.09476446752195004 0.09837962962962964
0 0.4220792293548584 0.6939311981201172 0.09825620651245118 0.13040666580200194
0 0.333012202730206 0.2812765461766822 0.055010732241392295 0.11408508428481225
0 0.9152368764705241 0.9692825486290941 0.06814922901526693 0.060597385957143715
0 0.8526267051696778 0.2001688539981842 0.04616851806640625 0.07842129468917847
0 0.3535288095474243 0.5059469223022461 0.07499098777770996 0.10061016082763671
0 0.8478305816650391 0.5877724647521972 0.04966945648193359 0.08526878356933594
0 0.7700622081756592 0.9067678451538086 0.06916112899780273 0.1259000778198242
0 0.7934982061386109 0.8866989135742187 0.05507950782775879 0.11886253356933593
0 0.31660990715026854 0.7969144821166992 0.0781017780303955 0.08989963531494141
0 0.2786992073059082 0.6693226814270019 0.09433574676513672 0.12186470031738281
0 0.31768460273742677 0.573284912109375 0.09424877166748047 0.13135547637939454
0 0.8493783135699411 0.8102991733342721 0.07640956469297643 0.11254505314152233
0 0.08609559552395557 0.5879346518321821 0.09537765985427303 0.11330448550942496
0 0.11780774593353271 0.4710829257965088 0.1049802541732788 0.11113147735595703
0 0.059203384816646575 0.4870645523071289 0.06982615292072296 0.09023199081420899
0 0.31001656143753614 0.7351647783208777 0.06573076601381656 0.0719158137286151
0 0.929724596391263 0.9360161443494777 0.07241215574548905 0.07003798670465336
0 0.8412867996201329 0.7514245014245013 0.07359924026590689 0.09734093067426407
0 0.3171889838556505 0.2718423551756885 0.058167141500474834 0.10921177587844252
0 0.18364197530864193 0.22495251661918328 0.05698005698005693 0.10327635327635329
0 0.03228869895536558 0.518755935422602 0.055792972459639094 0.07597340930674269
0 0.13081671415004745 0.5626780626780626 0.08903133903133902 0.11633428300094967
0 0.046533713200379835 0.5971035137701804 0.08665716999050327 0.10446343779677113
0 0.03127967711301043 0.3897910731244065 0.06255935422602087 0.08698955365622033
0 0.23763020833333334 0.6741898148148148 0.07740162037037036 0.09837962962962964
0 0.35337094907407407 0.7233796296296297 0.10344328703703703 0.09259259259259259
0 0.5295138888888888 0.5324074074074074 0.09259259259259259 0.0954861111111111
