0 0.3118753433227539 0.37735188007354736 0.06279678344726562 0.10326743125915527
0 0.8552134513854981 0.30714738368988037 0.04506397247314453 0.11567397117614746
0 0.48069775899251305 0.25899302341319896 0.06293249130249023 0.12389874458312988
0 0.9462543487548828 0.3106841087341309 0.04633064270019531 0.11724801063537597
0 0.5841198921203613 0.2697600364685059 0.04142627716064453 0.09122166633605958
0 0.5708161354064941 0.748787784576416 0.07394399642944335 0.11148967742919921
0 0.8092234373092652 0.14335845708847045 0.039715814590454104 0.0837480068206787
0 0.9386574074074074 0.9814814814814815 0.06342592592592593 0.037037037037037035
0 0.2395329236984253 0.5155559062957764 0.10074920654296875 0.11725006103515626
0 0.6551542282104492 0.7287971496582031 0.055421066284179685 0.10560235977172852
0 0.9144103050231933 0.26865103244781496 0.03892307281494141 0.1070176601409912
0 0.6749552726745606 0.5755016803741455 0.0718648910522461 0.11593894958496094
0 0.4827028751373291 0.5707223892211915 0.06223115921020508 0.10785379409790039
0 0.3162091255187988 0.763760757446289 0.07734298706054688 0.10145435333251954
0 0.14763439893722535 0.41356596946716306 0.07218456268310547 0.09317474365234375
0 0.20327792167663575 0.6339937686920166 0.10278730392456055 0.10711851119995117
0 0.1861837923526764 0.2207664966583252 0.06091660261154175 0.09427118301391602
0 0.4660678651597765 0.6134259259259259 0.07064204745822483 0.10277777777777777
0 0.44590636491775515 0.8656014442443848 0.09295995235443115 0.10755462646484375
0 0.36061330459736013 0.7516124301486545 0.07599561302750199 0.10878041585286459
0 0.4611160190017135 0.7863049153928403 0.0675827768113878 0.09853575671160662
0 0.1859986424446106 0.5351354598999023 0.06696231365203857 0.08722715377807617
0 0.4592799116064001 0.6393134470339175 0.08112945556640624 0.1224334716796875
0 0.10329125346960845 0.46925428885000725 0.08343435879106875 0.10332339251482928
0 0.6374100685119629 0.617162561416626 0.07434892654418945 0.1034815788269043
0 0.1445409446954727 0.6729175567626953 0.10922858119010925 0.11853523254394531
0 0.9833407402038574 0.8209693193435669 0.03228549957275391 0.0816657543182373
0 0.11851851851851852 0.44537037037037036 0.0824074074074074 0.10555555555555556
0 0.14583333333333334 0.5712962962962963 0.06111111111111111 0.07777777777777778
0 0.24953703703703703 0.6175925925925926 0.09074074074074075 0.09259259259259259
0 0.08425925925925926 0.5328703703703703 0.075 0.08611111111111111
0 0.044444444444444446 0.5504629629629629 0.075 0.07314814814814814
0 0.04212962962962963 0.6101851851851852 0.07962962962962963 0.1111111111111111
0 0.46296296296296297 0.24074074074074073 0.05648148148148148 0.10925925925925926
0 0.9740740740740741 0.17777777777777778 0.041666666666666664 0.10740740740740741
0 0.9766203703703704 0.9564814814814815 0.04490740740740741 0.08333333333333333
0 0.42777777777777776 0.7939814814814815 0.06388888888888888 0.08981481481481482
0 0.3851851851851852 0.7143518518518519 0.075 0.11388888888888889
