0 0.8068616151809692 0.3140783548355103 0.05397429466247559 0.1154940128326416
0 0.6600740909576416 0.7906541347503662 0.08548107147216796 0.13469152450561522
0 0.656104326248169 0.26184170246124266 0.04706792831420899 0.09291057586669922
0 0.3796567916870117 0.4047997832298279 0.07355728149414062 0.11024858951568603
0 0.7381207466125488 0.7685045003890991 0.06702404022216797 0.10583615303039551
0 0.39135366678237915 0.8053749084472657 0.09185264110565186 0.11814327239990234
0 0.5329232692718506 0.2406071662902832 0.059444236755371097 0.1144066333770752
0 0.8897647647647647 0.3204454454454455 0.043793793793793785 0.11761761761761762
0 0.7166388034820557 0.6434021949768066 0.05909185409545899 0.09759674072265626
0 0.7451742172241211 0.6014890193939209 0.046919631958007815 0.10274753570556641
0 0.30058400630950927 0.5296828746795654 0.08640937805175782 0.10215301513671875
0 0.5037537537537539 0.9016516516516518 0.07257257257257257 0.10885885885885889
0 0.1941705286502838 0.7022866249084473 0.09267758131027222 0.1073836326599121
0 0.5121633529663085 0.6605060577392579 0.07724933624267578 0.12516460418701172
0 0.8674793243408203 0.2781807899475098 0.051323890686035156 0.10195379257202149
0 0.24447104930877686 0.5635263442993164 0.06448044776916503 0.10006990432739257
0 0.9869876384735108 0.20324692726135254 0.026024723052978517 0.09939188957214355
0 0.5300905227661132 0.8229612588882447 0.08430185317993164 0.10173068046569825
0 0.24465184211730956 0.6773814201354981 0.08501667976379394 0.11215057373046874
0 0.4256591642202015 0.7725066722222695 0.0671404529216042 0.09190701230594908
0 0.18684215545654298 0.22216861248016356 0.0625617504119873 0.09565424919128418
0 0.5463091373443604 0.6034343719482422 0.06101503372192383 0.10461549758911133
0 0.027420558035373688 0.2547665536403656 0.05383257567882538 0.1174653172492981
0 0.8506098747253418 0.11591657698154449 0.027415657043457033 0.0781294047832489
0 0.16285057067871095 0.47403364181518554 0.0935694694519043 0.12951011657714845
0 0.20656027793884277 0.43403149843215943 0.07724118232727051 0.093998122215271
0 0.08096850313949472 0.638300511344217 0.09493276671981585 0.1012724683276215
0 0.5159360408782959 0.2308362066745758 0.03906936645507812 0.09817508459091187
0 0.48685782556750296 0.8434139784946236 0.07467144563918755 0.10229988052568699
0 0.45362903225806456 0.7366338112305854 0.06795101553166068 0.09632616487455205
0 0.28860513739545995 0.6440412186379928 0.0709378733572282 0.0978195937873357
0 0.21132019115890086 0.5861708482676224 0.0627240143369176 0.07467144563918755
0 0.09333930704898447 0.5910244922341696 0.07317801672640382 0.09184587813620065
0 0.1365389636592371 0.5809675836913606 0.08490588430772149 0.11952178625966275
