0 0.6857358932495117 0.31998291015625 0.0622044563293457 0.11464238166809082
0 0.5057507514953613 0.45284328460693357 0.0711338996887207 0.10137138366699219
0 0.42497252225875853 0.592701530456543 0.08890249729156494 0.11670293807983398
0 0.07114620059728623 0.6112802028656006 0.08809423744678498 0.10795154571533203
0 0.30616073608398436 0.4873619079589844 0.06150064468383789 0.10765714645385742
0 0.7838918922055811 0.3382960935729566 0.06509135877325942 0.1114948689823799
0 0.05439814814814813 0.40780651340996166 0.09378991060025543 0.10855683269476372
0 0.8822961807250976 0.8555585861206054 0.0534698486328125 0.11824798583984375
0 0.5235339164733886 0.8624909400939942 0.07467670440673828 0.10438251495361328
0 0.6525315284729004 0.2169642925262451 0.0567530632019043 0.12427334785461426
0 0.3659949541091919 0.7339859962463379 0.09118456840515136 0.11130657196044921
0 0.9134010314941406 0.2677372932434082 0.050980567932128906 0.14505891799926757
0 0.890931224822998 0.2292766571044922 0.03266086578369141 0.100154447555542
0 0.7904998064041138 0.2435048043727875 0.03436045646667481 0.09175788164138794
0 0.6638136659179245 0.7450806497692227 0.06236206657058342 0.10668554730840164
0 0.18125567436218262 0.7309179782867432 0.09964799880981445 0.11990480422973633
0 0.10704593658447266 0.3219249725341797 0.08958578109741211 0.1112966537475586
0 0.8604904250220375 0.7324267039666543 0.08034020940343428 0.1157543088342096
0 0.6394952320952086 0.9039723087081519 0.07252871966409592 0.11045071632958839
0 0.24239253997802734 0.5508576393127441 0.08335223197937011 0.11360445022583007
0 0.398918616771698 0.7153669834136963 0.07951996326446534 0.10750551223754883
0 0.18578699827194214 0.22622547149658204 0.06409752368927002 0.0944601058959961
0 0.3666912794113159 0.6122236251831055 0.057280778884887695 0.07335090637207031
0 0.5669175148010254 0.8173030614852905 0.06745882034301758 0.10416684150695801
0 0.895047664642334 0.6882247924804688 0.04737567901611328 0.09995880126953124
0 0.6367483139038086 0.20723896026611327 0.037833118438720705 0.10318179130554199
0 0.3366903305053711 0.6455949783325196 0.05709614753723145 0.06696920394897461
0 0.26773409843444823 0.5171759605407715 0.06638550758361816 0.10391998291015625
0 0.6821771144866944 0.6727969169616699 0.06931333541870117 0.12285280227661133
0 0.12189218997955323 0.25155481696128845 0.07098801136016845 0.10977603197097778
0 0.2453686237335205 0.6591304779052735 0.0852884292602539 0.11365413665771484
0 0.80545250173831 0.8695391654968263 0.06527800559997558 0.11270332336425781
0 0.09119791388511658 0.2513545036315918 0.05131829977035522 0.08560695648193359
0 0.6746506986027945 0.7079174983366601 0.06875138611665564 0.09647371922821024
0 0.598414282546019 0.9058549567531604 0.05267243291195387 0.07873142603681524
0 0.612552672432912 0.9618540696385006 0.08427589265912613 0.07207806609004203
0 0.1306273946360153 0.2832854406130268 0.08261494252873562 0.09498722860791825
0 0.07235791826309067 0.3790708812260536 0.08022030651340996 0.10057471264367814
0 0.3157693776250477 0.7882779686903398 0.10213822069492172 0.11645666284841547
0 0.207426498663612 0.6856624665903016 0.09736540664375719 0.10595647193585331
0 0.776551123773346 0.2955840455840456 0.045504906616017665 0.10050648939537828
