0 0.15335004329681395 0.3400167226791382 0.07647004127502441 0.10285792350769044
0 0.1114546775817871 0.6454662322998047 0.11111233234405518 0.10534038543701171
0 0.03779794573783875 0.5155252456665039 0.0755958914756775 0.10399131774902344
0 0.6259104251861572 0.32505853176116944 0.05648174285888672 0.1097653865814209
0 0.894196891784668 0.9265689849853516 0.07398185729980469 0.14438858032226562
0 0.5582026958465576 0.4786855697631836 0.0529322624206543 0.10407476425170899
0 0.9546245574951172 0.7362969398498536 0.09067935943603515 0.1360553741455078
0 0.9626758575439454 0.8908945083618164 0.06819438934326172 0.10326919555664063
0 0.7384595817458626 0.7807348492584215 0.08253041383981773 0.10303193744750305
0 0.4857048034667969 0.6108711242675782 0.0771113395690918 0.1039926528930664
0 0.2883375883102417 0.5787228107452392 0.07117652893066406 0.10028085708618165
0 0.11382288932800293 0.4118823528289795 0.08919997215270996 0.12730722427368163
0 0.8531839078065581 0.31321036929175966 0.055040914545614224 0.11233587517309447
0 0.6370820858125997 0.8544066904913048 0.05339082698243058 0.08050650267573137
0 0.18600327176192585 0.2881335745474123 0.07918553924717853 0.10033372579298014
0 0.6920131864005958 0.9378183399392711 0.0681457241077471 0.08720727302808284
0 0.7179696168849078 0.3425862472524088 0.05761235353177188 0.11806824623592313
0 0.37009994983673095 0.8022096633911133 0.09011282920837402 0.10564422607421875
0 0.3576140642166138 0.5182639598846436 0.07035431861877442 0.1020857810974121
0 0.4172560214996338 0.783355450630188 0.10551986694335938 0.10996546745300292
0 0.9780264854431152 0.2241503953933716 0.03661079406738281 0.103049898147583
0 0.4654091835021973 0.7410948276519775 0.09628190994262695 0.11051511764526367
0 0.7186901569366455 0.2033792555332184 0.06635713577270508 0.11273287534713745
0 0.4253589630126953 0.6522030830383301 0.07029180526733399 0.10388431549072266
0 0.6611681394542502 0.9830548126562761 0.07066010092998465 0.03287375786615851
0 0.33418631275155264 0.5511899127191677 0.08860054573102548 0.11153733459584443
0 0.6927498340606689 0.19159314632415772 0.03653507232666016 0.10221371650695801
0 0.40534559488296507 0.6813257217407227 0.06643521785736084 0.08425588607788086
0 0.7520066738128662 0.6874661445617676 0.0671696662902832 0.08711795806884766
0 0.24608418941497803 0.7632628917694092 0.09011240005493164 0.10827035903930664
0 0.6032718181610107 0.8835689544677734 0.08418655395507812 0.10109481811523438
0 0.2513709025572765 0.7298941319033226 0.08072662222980487 0.11474589768403805
0 0.952878475189209 0.02283060848712921 0.02365398406982422 0.04566121697425842
0 0.841240406036377 0.2241824209690094 0.04501953125 0.09587754011154175
0 0.9791450500488281 0.7291752338409424 0.04138603210449219 0.11461000442504883
0 0.8707837301587302 0.26273148148148145 0.03802910052910052 0.10747354497354493
0 0.7261078042328043 0.300760582010582 0.05456349206349208 0.10416666666666662
0 0.15493327335432605 0.25539811066126866 0.049107812265706985 0.07909731593942121
0 0.19448193132403663 0.2495876443244865 0.06972559604138548 0.09971509971509973
0 0.17929974508921884 0.20272904483430804 0.04910781226570701 0.06747638326585696
0 0.3012997469519209 0.7007131354957441 0.0851161720726938 0.1213480561306648
0 0.7441868560289613 0.7384433305485937 0.06613756613756615 0.09224450013923699
0 0.6519423558897243 0.8240740740740741 0.06335282651072126 0.0950292397660819
0 0.6582080200501252 0.9493873572820942 0.055694792536897776 0.07483987747145643
0 0.0969685438863521 0.4349949264332826 0.08625063419583964 0.11035007610350078
