0 0.5706753730773926 0.3317872524261475 0.06765766143798828 0.11486034393310547
0 0.34958367347717284 0.6150499820709229 0.0943343162536621 0.10233907699584961
0 0.9803774356842041 0.506673526763916 0.0392451286315918 0.10463848114013671
0 0.6364402770996094 0.5055058479309082 0.05891494750976563 0.10998029708862304
0 0.8203422518634291 0.8280931228052372 0.07773480844245392 0.11596983904561031
0 0.14256454706192018 0.6866141319274902 0.09078550338745117 0.10796566009521484
0 0.22276897430419923 0.36226601600646974 0.08494086265563965 0.09998016357421875
0 0.8396599769592286 0.7274891853332519 0.0814117431640625 0.11782588958740234
0 0.9087888717651367 0.22927191257476806 0.056764411926269534 0.11812872886657715
0 0.6572039987675097 0.3457753301297546 0.05233789171491352 0.1282244720156231
0 0.5628871917724609 0.6458105564117431 0.0943913459777832 0.10797672271728516
0 0.6730776786804199 0.9067319869995117 0.07225322723388672 0.09223136901855469
0 0.7182424797582878 0.8831482438183335 0.06202694524532906 0.09169331303349237
0 0.378848135471344 0.5680481433868408 0.06389358043670654 0.09533700942993165
0 0.15691157579421997 0.4286023139953613 0.0875887155532837 0.1256258964538574
0 0.5224747657775879 0.7747815608978271 0.0780569076538086 0.11220293045043946
0 0.8027450561523437 0.3130795955657959 0.06583232879638672 0.11804714202880859
0 0.7529812335968018 0.1766971230506897 0.03219594955444336 0.091322922706604
0 0.03324606418609619 0.5090933322906495 0.06649212837219239 0.13775253295898438
0 0.4093846321105957 0.5364060401916504 0.056195831298828124 0.09381694793701172
0 0.11397072076797485 0.5358275890350341 0.11188406944274902 0.10347614288330079
0 0.24866907596588134 0.30257110595703124 0.07743330001831054 0.12218804359436035
0 0.4756617546081543 0.8216381072998047 0.08141717910766602 0.11792469024658203
0 0.47040982246398927 0.7051568508148194 0.055577754974365234 0.07181663513183593
0 0.3219233274459839 0.7948974609375 0.08387436866760253 0.08936233520507812
0 0.7793925523757934 0.2099473297595978 0.04291701316833496 0.13812564611434935
0 0.7218077745387164 0.9812334656084655 0.06481699060510707 0.03819444444444423
0 0.4223925113677979 0.8423451662063599 0.0854384422302246 0.10016341209411621
0 0.9596243858337402 0.9544547080993653 0.08071365356445312 0.08921241760253906
0 0.5090918064117431 0.6779139518737793 0.08002405166625977 0.09170799255371094
0 0.37228121757507326 0.7320415496826171 0.095245361328125 0.10712509155273438
0 0.8095055341720581 0.26958317756652833 0.0442009449005127 0.09907741546630859
0 0.9930784225463867 0.011521831899881364 0.010658454895019532 0.023043663799762727
0 0.9059193121693121 0.20114087301587305 0.04877645502645494 0.09176587301587297
0 0.669890873015873 0.29704034391534395 0.059523809523809465 0.11160714285714285
0 0.3197751322751323 0.7476025132275133 0.07688492063492063 0.10003306878306872
0 0.7356150793650794 0.8455687830687831 0.058697089947089914 0.09093915343915339
0 0.7550429894179895 0.9675099206349206 0.07109788359788365 0.058697089947090025
0 0.8277943121693121 0.7798445767195767 0.06448412698412706 0.10168650793650792
0 0.1840651135005974 0.22438769414575865 0.058990442054958195 0.11275388291517327
0 0.2606033452807647 0.25649641577060933 0.056750298685782574 0.09483273596176824
0 0.2747909199522103 0.23745519713261648 0.06123058542413381 0.09557945041816009
