0 0.8755966186523437 0.5867414951324463 0.06955814361572266 0.10344362258911133
0 0.48431463601582403 0.34632846994390964 0.061047840978798035 0.12168304111882833
0 0.7386985301971436 0.4256752014160156 0.043432998657226565 0.10763168334960938
0 0.8065658569335937 0.717194938659668 0.0804819107055664 0.10852165222167968
0 0.3222022533416748 0.777372169494629 0.07771692276000977 0.09449024200439453
0 0.3287318229675293 0.6457006454467773 0.07766122817993164 0.1024409294128418
0 0.7538341045379638 0.7627160310745239 0.068719482421875 0.0996671199798584
0 0.4067941188812256 0.4205972194671631 0.060343360900878905 0.11831159591674804
0 0.6222002029418945 0.30847198963165284 0.061002349853515624 0.11533408164978028
0 0.6476255893707276 0.9602161407470703 0.0666874885559082 0.07956771850585938
0 0.6299319744110108 0.6324508190155029 0.07407445907592773 0.10545539855957031
0 0.4100483417510986 0.31520020961761475 0.06470937728881836 0.12176294326782226
0 0.7288303375244141 0.25422689914703367 0.04290494918823242 0.10377907752990723
0 0.3344778776168823 0.49245290756225585 0.07287702560424805 0.12011375427246093
0 0.9617992401123047 0.17693748474121093 0.045061683654785155 0.10810890197753906
0 0.5802935123443603 0.6745974540710449 0.07787256240844727 0.12307176589965821
0 0.7093021392822265 0.8031267881393432 0.04471597671508789 0.072025728225708
0 0.555844783782959 0.7102950096130372 0.06086750030517578 0.09167652130126953
0 0.5128441348487949 0.22146642006586986 0.058001188991869096 0.10117120670343967
0 0.7029625415802002 0.9320217132568359 0.0844228744506836 0.11425056457519531
0 0.545280122756958 0.9179316520690918 0.08256969451904297 0.12907085418701172
0 0.19537272453308105 0.6175209522247315 0.11395645141601562 0.1147603988647461
0 0.031096801161766052 0.318986701965332 0.06143128275871277 0.11059279441833496
0 0.2313629150390625 0.5948207378387451 0.07874541282653809 0.10495367050170898
0 0.9330824851989746 0.17182226181030275 0.04569301605224609 0.10015974044799805
0 0.9663121846617847 0.9710204984775929 0.06754500424420444 0.059765864680053515
0 0.955166244506836 0.02790311574935913 0.028854560852050782 0.05580623149871826
0 0.5960550410097827 0.8248113704540581 0.06115045547485352 0.09941859245300293
0 0.18829274773597718 0.22247097492218018 0.06178206205368042 0.09062790870666504
0 0.5527348540593573 0.8522810890360559 0.07174392935982336 0.10792249202845228
0 0.7166277885437011 0.8940668106079102 0.07605600357055664 0.11053390502929687
0 0.4106429100036621 0.3623979210853577 0.057393550872802734 0.08459737300872802
0 0.30831037649219467 0.5168350168350169 0.07805325987144168 0.10636669727578821
0 0.49821937321937315 0.316358024691358 0.06172839506172841 0.11514719848053177
0 0.5290835707502374 0.2011514719848053 0.05163817663817669 0.09852801519468184
0 0.6436372269705603 0.2634734093067426 0.0682573599240266 0.09734093067426398
0 0.625534188034188 0.2367640075973409 0.054605887939221304 0.09496676163342828
0 0.9128968253968253 0.9793650793650794 0.06124338624338632 0.03941798941798951
0 0.9658068783068782 0.929100529100529 0.06653439153439167 0.06587301587301594
