0 0.6233543395996094 0.7570266008377076 0.0688241958618164 0.08790755271911621
0 0.39986094236373904 0.815192699432373 0.09492552280426025 0.11632652282714843
0 0.04375650584697723 0.36127394481941505 0.08751301169395446 0.10958492667586715
0 0.6562258720397949 0.38623690605163574 0.049275970458984374 0.10515546798706055
0 0.41665867567062376 0.6793653488159179 0.0884441614151001 0.09162673950195313
0 0.9557024002075195 0.618972635269165 0.051003456115722656 0.10726728439331054
0 0.6526338577270507 0.25183284282684326 0.062132072448730466 0.10920462608337403
0 0.8715656280517579 0.7542750358581543 0.051077079772949216 0.11268959045410157
0 0.8323580741882324 0.7979505777359008 0.05240573883056641 0.09758944511413574
0 0.35872750282287597 0.3111760377883911 0.06938767433166504 0.11834492683410644
0 0.6180600643157959 0.9565958976745605 0.0687246322631836 0.08667125701904296
0 0.09783408045768738 0.3279745101928711 0.07822340726852417 0.10648794174194336
0 0.4755870342254639 0.4436338782310486 0.07440433502197266 0.11526691913604736
0 0.25554885864257815 0.6578131675720215 0.08936128616333008 0.11944656372070313
0 0.922100830078125 0.058007314801216125 0.03520641326904297 0.10938200354576111
0 0.7807645140691336 0.9580465421173385 0.08170269916425649 0.08062930186824005
0 0.5731744289398193 0.2670473575592041 0.04752616882324219 0.12733168601989747
0 0.651020860671997 0.6940171718597412 0.06583757400512695 0.10478878021240234
0 0.4116758227348328 0.3439357399940491 0.06476309299468994 0.11426990032196045
0 0.18448862637337912 0.21961164767881733 0.06690636465436475 0.10469521889407434
0 0.5573815822601318 0.30334479808807374 0.05602540969848633 0.10799331665039062
0 0.6793510913848877 0.6806882381439209 0.04661426544189453 0.11568756103515625
0 0.7258419513702392 0.9860906600952148 0.040766429901123044 0.027739524841308594
0 0.4431730521559225 0.31476455559411215 0.06221356647004812 0.11308218697862953
0 0.3581341028213501 0.5401496887207031 0.06561398506164551 0.12156410217285156
0 0.5888417128000114 0.20752101186427446 0.0585108525104231 0.09701141827279385
0 0.38184404373168945 0.5084830760955811 0.059581661224365236 0.09803314208984375
0 0.2954426288604736 0.6536458015441895 0.08609495162963868 0.12292938232421875
0 0.8060066223144531 0.8375331878662109 0.0589935302734375 0.06574325561523438
0 0.6847754834480497 0.873484103572599 0.09177318911832177 0.0934119960668633
0 0.9862592697143555 0.1623885989189148 0.027371978759765624 0.10294277667999267
0 0.6365067481994628 0.8918098449707031 0.0869837760925293 0.0890340805053711
0 0.607008205810601 0.19145043246839652 0.056553559547571526 0.09148369926813042
0 0.820796460176991 0.9345296624057684 0.08030154047853168 0.12209111766633887
0 0.48503554059109616 0.4124579124579125 0.0757575757575758 0.12158623269734384
0 0.5643986683312526 0.2278401997503121 0.04473574698293798 0.08114856429463173
0 0.059936280366387935 0.3449820788530466 0.08064516129032255 0.11250497809637594
