0 0.47641792297363283 0.7110354900360107 0.06120290756225586 0.09911441802978516
0 0.3017416477203369 0.30489134788513184 0.06572813987731933 0.11004414558410644
0 0.9662245273590088 0.7967200517654419 0.06755094528198242 0.12289881706237793
0 0.5863597869873047 0.35463498830795287 0.06362972259521485 0.09899179935455323
0 0.8813941955566407 0.08735752999782562 0.03685684204101562 0.10191424489021302
0 0.44551620483398435 0.5346949100494385 0.08825321197509765 0.10122404098510743
0 0.9263474464416503 0.8365474700927734 0.06527080535888671 0.10735969543457032
0 0.4593925952911377 0.84695463180542 0.08396196365356445 0.10043106079101563
0 0.36760475635528567 0.34335854053497317 0.08409438133239747 0.11348624229431152
0 0.7488152027130127 0.7061134815216065 0.06385269165039062 0.11804361343383789
0 0.5359822750091553 0.46666550636291504 0.05356435775756836 0.10732202529907227
0 0.10745741261376276 0.3702892008363275 0.06706536286193412 0.10171550513738087
0 0.6977253913879394 0.7769009828567505 0.058333396911621094 0.11930022239685059
0 0.5960152626037598 0.25223138332366946 0.05446195602416992 0.11354193687438965
0 0.48856067657470703 0.2978816986083984 0.05106992721557617 0.1066279411315918
0 0.6638053894042969 0.19449045658111572 0.052178478240966795 0.10026817321777344
0 0.7081171989440918 0.742221736907959 0.05786342620849609 0.10966339111328124
0 0.7580548611057287 0.9178255186299588 0.06700315256808383 0.1006422189177657
0 0.8957213401794434 0.8788006782531739 0.06442909240722657 0.08062629699707032
0 0.3297553539276123 0.7102207183837891 0.09682421684265137 0.12972631454467773
0 0.3585710048675537 0.6760583877563476 0.06746940612792969 0.11293621063232422
0 0.9864337921142579 0.5060817241668701 0.02673759460449219 0.10455875396728516
0 0.8704161985420885 0.9699611070084614 0.09274406433105468 0.060081863403320314
0 0.39095609188079833 0.30525357723236085 0.059549379348754886 0.10466494560241699
0 0.1843067765235901 0.2238952100276947 0.06308753490447998 0.09412308931350707
0 0.4126020908355713 0.5669487476348877 0.0711033821105957 0.11278371810913086
0 0.027766478061676026 0.342813515663147 0.05553295612335205 0.11908326148986817
0 0.15539660453796386 0.34151387214660645 0.06920676231384278 0.10328006744384766
0 0.535490083694458 0.40305500030517577 0.045966720581054686 0.07137269973754883
0 0.5122447490692139 0.26446053981781004 0.04740486145019531 0.1
0 0.7094307899475097 0.9433682441711426 0.06332597732543946 0.10135211944580078
0 0.5085125448028674 0.23484169653524492 0.050776583034647584 0.09632616487455195
0 0.12731481481481483 0.34759557945041814 0.06944444444444445 0.1037933094384707
0 0.8973765432098765 0.9490740740740741 0.05731922398589067 0.08156966490299822
