0 0.5113245010375976 0.3335566520690918 0.07271041870117187 0.10555973052978515
0 0.42681407928466797 0.29887163639068604 0.07265939712524414 0.11344575881958008
0 0.5552042484283447 0.7467659473419189 0.08651695251464844 0.11593751907348633
0 0.5324249267578125 0.26504154205322267 0.05474796295166016 0.09935884475708008
0 0.7419432419432419 0.20272889726147048 0.057720057720057706 0.09358020451505808
0 0.46392574310302737 0.5939221382141113 0.06728782653808593 0.11141853332519532
0 0.3845751643180847 0.7474312067031861 0.07280285358428955 0.11174769401550293
0 0.9270147323608399 0.47863211631774905 0.0484466552734375 0.10702333450317383
0 0.5188011646270752 0.8898578643798828 0.07751483917236328 0.09652519226074219
0 0.6103973865509034 0.4941079139709473 0.07105417251586914 0.12659912109375
0 0.18410121639684282 0.38912765603044847 0.08033051573926295 0.10678557297998804
0 0.8142215728759765 0.7413346290588378 0.05050868988037109 0.10877714157104493
0 0.754970932006836 0.8328251838684082 0.05564460754394531 0.11228294372558593
0 0.4467774391174316 0.7246602535247803 0.09798908233642578 0.1242548942565918
0 0.7766212701797486 0.7828986644744873 0.08870902061462402 0.12395334243774414
0 0.259256649017334 0.2932821035385132 0.06438889503479003 0.107426118850708
0 0.33190526962280276 0.3052097797393799 0.07585649490356446 0.1167262077331543
0 0.4550209909519821 0.25372636614079774 0.055566483704501374 0.0998048246336878
0 0.22837309837341307 0.34589428901672364 0.06718926429748535 0.0997082233428955
0 0.8228490829467774 0.10811120271682739 0.037384033203125 0.1013794183731079
0 0.06723352670669555 0.34633435010910035 0.086913800239563 0.11081221103668212
0 0.7950532619090501 0.9704415954415955 0.0694376357260592 0.05911680911680919
0 0.4970398902893066 0.5578079700469971 0.05709562301635742 0.10174036026000977
0 0.6137522220611572 0.44580807685852053 0.06446399688720703 0.10429859161376953
0 0.1824883337374087 0.21917287685253004 0.06231463043778026 0.09951473518654147
0 0.31337432861328124 0.32817339137077783 0.06892714500427247 0.12939586639404296
0 0.08140259981155396 0.3201372385025024 0.06231212615966797 0.08278160095214844
0 0.9737179487179486 0.9702558745685804 0.054273504273504296 0.060169868795280745
0 0.1999158249158249 0.36135161135161137 0.07275132275132273 0.1022126022126022
0 0.4554473304473304 0.23088023088023088 0.06553631553631555 0.10461760461760464
0 0.7614838864838864 0.18789081289081289 0.047498797498797506 0.09319384319384318
0 0.8397435897435898 0.9494301994301994 0.06837606837606834 0.09686609686609679
0 0.9793447293447293 0.9074074074074074 0.038461538461538367 0.08119658119658124
