0 0.513995361328125 0.5039028644561767 0.06832590103149414 0.09637155532836914
0 0.7032704830169678 0.7595072507858276 0.05736684799194336 0.11464753150939941
0 0.48748488426208497 0.29197499752044676 0.06309623718261718 0.10581674575805664
0 0.5933506949787919 0.7543587207794189 0.0792851448059082 0.10129632949829101
0 0.788049578666687 0.6914175987243653 0.06826119422912598 0.12420530319213867
0 0.8343184471130372 0.6495121955871582 0.06294040679931641 0.11536750793457032
0 0.1512577772140503 0.24073946475982666 0.07567739486694336 0.09963302612304688
0 0.5622529029846192 0.3148335456848145 0.06662378311157227 0.11058607101440429
0 0.04430186888034979 0.4298434593738652 0.0862295687198639 0.1749720096588131
0 0.020780783062420455 0.2240372546944072 0.042294084397476256 0.16507355972119808
0 0.5297417163848877 0.17868080139160156 0.03948020935058594 0.08567337989807129
0 0.5328687191009521 0.2465040624141693 0.05986843109130859 0.1054510235786438
0 0.4284372329711914 0.16388464570045472 0.04279642105102539 0.09361776113510131
0 0.4386486053466797 0.18761109709739685 0.05857715606689453 0.09147778749465943
0 0.02932098765432095 0.3201566951566951 0.05579297245963914 0.09852801519468186
0 0.06255935422602087 0.20500949667616328 0.07716049382716053 0.09140550807217472
0 0.08214624881291543 0.29760208926875586 0.07597340930674258 0.11277302943969608
0 0.06908831908831908 0.2661443494776828 0.0830959164292498 0.09496676163342828
