0 0.6009383201599121 0.9337414741516114 0.08766889572143555 0.10952491760253906
0 0.8421760559082031 0.44762415885925294 0.059238433837890625 0.10768918991088867
0 0.6358507633209228 0.7693032264709473 0.0652552604675293 0.09261302947998047
0 0.5596378803253174 0.5957049369812012 0.07705850601196289 0.11545639038085938
0 0.8232400178909302 0.8817136764526368 0.07676844596862793 0.09862499237060547
0 0.7564321517944336 0.12611190974712372 0.0526087760925293 0.10380492806434631
0 0.8614133834838867 0.8174490690231323 0.057132911682128903 0.09843430519104004
0 0.6681808948516845 0.519618558883667 0.052231121063232425 0.11208763122558593
0 0.4278940796852112 0.32115275859832765 0.06619822978973389 0.11703391075134277
0 0.4709592342376709 0.28920645713806153 0.06232776641845703 0.11110048294067383
0 0.24726185329298167 0.4059662775616083 0.07313733967430465 0.09655569966854016
0 0.37695783376693726 0.2895049095153809 0.06405718326568603 0.11136279106140137
0 0.8163170352249439 0.20490526132944548 0.04830360412597656 0.10480585098266594
0 0.15324290990829467 0.33648583889007566 0.07629127502441406 0.10032048225402831
0 0.49883131980895995 0.7737933158874511 0.07623109817504883 0.12734756469726563
0 0.4038969460240117 0.2395339269991274 0.0581642624183937 0.09388266881306964
0 0.6723531723022461 0.4605391979217529 0.049046993255615234 0.08308553695678711
0 0.11340076923370361 0.36951069831848143 0.06895427703857422 0.10405597686767579
0 0.9121889114379883 0.9741502285003663 0.09164447784423828 0.05169954299926758
0 0.8905902862548828 0.7707256317138672 0.04424152374267578 0.09516773223876954
0 0.47847604751586914 0.8008264541625977 0.09388999938964844 0.12789649963378907
0 0.2839421510696411 0.29212217330932616 0.06362977027893066 0.10591044425964355
0 0.5249729156494141 0.6371647834777832 0.07631254196166992 0.11348075866699218
0 0.3974074074074074 0.21333333333333335 0.06148148148148146 0.08444444444444443
0 0.8291337785873305 0.18225055656749647 0.037694798623760385 0.08576199149969642
0 0.17988903300187348 0.2133953019167027 0.06232886583081136 0.08826920305519528
0 0.20150598068886008 0.2827496757457847 0.07385790459720422 0.09943795936013834
0 0.2575299034443003 0.29770139789595046 0.054762934140366065 0.07169620982850554
0 0.2609525868280732 0.3778642455685257 0.06809338521400782 0.10015852428303788
0 0.2926574434356536 0.3681366191093818 0.07097564490560603 0.09871739443723879
