0 0.3703360080718994 0.38787810802459716 0.06298236846923828 0.10033135414123535
0 0.9149792522550182 0.8194759780529641 0.061623944784748294 0.10608115647685334
0 0.7297502517700195 0.18825548887252808 0.048752880096435545 0.10172655582427978
0 0.5896305561065673 0.3467663288116455 0.05369482040405273 0.105686616897583
0 0.7496982488849744 0.2603863022273037 0.051881027221679685 0.09164195060729975
0 0.7615801516718393 0.2910063620317734 0.05913677215576172 0.09495115280151367
0 0.17278240919113158 0.2189006745815277 0.07369377613067626 0.09931689500808716
0 0.03532468674790865 0.22385099215322785 0.05345653295516969 0.0926543235778809
0 0.1688496470451355 0.18300808668136598 0.06191105842590332 0.12431724071502685
0 0.5591031551361084 0.3218954801559448 0.03605861663818359 0.0838700771331787
0 0.9427274957076283 0.7744051999018886 0.054574441991660665 0.11282805984792735
0 0.028735632183908046 0.4938271604938271 0.05747126436781609 0.09684972328650485
0 0.07343550446998724 0.3192848020434227 0.10855683269476374 0.11707109408258834
0 0.08913367390378885 0.26340996168582376 0.07822477650063857 0.10962111536824182
0 0.2830991911451682 0.17933163048105577 0.06704980842911876 0.1064282673478076
0 0.7393498648863455 0.2521459227467811 0.03377841360673973 0.08782387537752345
