0 0.6817801475524903 0.1831493377685547 0.056733131408691406 0.10364394187927246
0 0.3221227407455444 0.3618228554725647 0.07817935943603516 0.09987494945526124
0 0.6680190086364746 0.33215577602386476 0.059544944763183595 0.1080820083618164
0 0.08155012130737305 0.5167181491851807 0.09010992050170899 0.12075376510620117
0 0.6321821689605713 0.3081994533538818 0.03931617736816406 0.0949631690979004
0 0.051601743698120116 0.5410328865051269 0.10320348739624023 0.12141590118408203
0 0.02859039109039109 0.3123481351209718 0.05807433307433308 0.09920945366378035
0 0.8273244763371611 0.2698222461249413 0.052259879234509615 0.09770118676246287
0 0.22209272209272213 0.18259518259518262 0.08417508417508417 0.10101010101010101
0 0.16860985159873962 0.2209857702255249 0.0801000714302063 0.0967557430267334
0 0.9843658185772797 0.8526682219357252 0.029321353084080952 0.11055711959492848
0 0.8136920142734096 0.24679566055535046 0.03751896968951232 0.10646610065214716
0 0.8119539805586317 0.23290164472335015 0.039785078544768475 0.09118781018005821
0 0.11493136493136494 0.17385392385392384 0.07964257964257966 0.09906759906759909
0 0.04921004921004921 0.191012691012691 0.08417508417508417 0.11137011137011138
0 0.041440041440041445 0.25673400673400676 0.08288008288008289 0.10554260554260556
