0 0.15970797538757325 0.5377128601074219 0.08157715797424317 0.10516319274902344
0 0.12054404020309448 0.5844828605651855 0.09678699970245361 0.12841873168945311
0 0.7408222198486328 0.31602699756622316 0.04671039581298828 0.10971231460571289
0 0.6290515422821045 0.17868986129760742 0.044965267181396484 0.10145325660705566
0 0.7020288467407226 0.2902453660964966 0.035125732421875 0.09103798866271973
0 0.2527226686477661 0.3391817569732666 0.06405425071716309 0.10735688209533692
0 0.8790968116354827 0.24036578051325966 0.04422421908417001 0.10532898453698633
0 0.8945757240104982 0.25037076857162943 0.035526490787377074 0.09715860638641508
0 0.1688118278980255 0.21915331482887268 0.07550829648971558 0.09903424978256226
0 0.8751006441223832 0.19852053140096618 0.03119967793880834 0.07296698872785827
0 0.12902695595003288 0.185733070348455 0.06300679377602454 0.10081087004163929
0 0.052049090510628976 0.17367959675651984 0.08108700416392724 0.11067280298049528
0 0.02383300460223537 0.205456936226167 0.04766600920447074 0.09642778873548108
