0 0.5423511981964111 0.17710063457489014 0.05951385498046875 0.10104875564575196
0 0.1350731372833252 0.2987735033035278 0.0759315013885498 0.11020326614379883
0 0.10289745330810547 0.3820101261138916 0.11596019268035888 0.11190223693847656
0 0.8728575706481934 0.2793087959289551 0.04967937469482422 0.10980911254882812
0 0.29966790676116944 0.6284143924713135 0.11277356147766113 0.13462324142456056
0 0.8354187965393066 0.2538558006286621 0.04254703521728516 0.08614625930786132
0 0.172088223695755 0.22310950756072997 0.0678885817527771 0.09061875343322753
0 0.9886570930480957 0.20168709754943848 0.02142925262451172 0.1009516716003418
0 0.08258880525827408 0.4152026653289795 0.08809036910533904 0.12276601791381836
0 0.028254397213459015 0.19853577613830567 0.05607639253139496 0.07982673645019531
0 0.27346842288970946 0.6474794864654541 0.09334340095520019 0.10492324829101562
