0 0.4949031829833984 0.18179267644882202 0.07004890441894532 0.10142829418182372
0 0.1547236680984497 0.432308566570282 0.08765876293182373 0.11818859577178956
0 0.3756574153900146 0.6595926284790039 0.08166170120239258 0.12530794143676757
0 0.935605812072754 0.2560103416442871 0.04461727142333984 0.10620808601379395
0 0.08202939927577972 0.27600696086883547 0.08459823727607726 0.10122942924499512
0 0.1750602900981903 0.3921181559562683 0.07608639001846314 0.10983736515045166
0 0.983602237701416 0.17366819381713866 0.031904983520507815 0.08992233276367187
0 0.9021637916564942 0.24038848876953126 0.03391456604003906 0.08660497665405273
0 0.34879245758056643 0.6746874809265136 0.0689009189605713 0.10804681777954102
0 0.17196781635284425 0.2225780963897705 0.06889400482177735 0.09021596908569336
