0 0.7356176056542075 0.8613484210796185 0.08334732342052743 0.12189775243535779
0 0.7319868087768555 0.20964226722717286 0.05846624374389649 0.09894490242004395
0 0.26857073307037355 0.6951013565063476 0.08181633949279785 0.09226036071777344
0 0.4416080951690674 0.5049902439117432 0.08007535934448243 0.12416019439697265
0 0.459274959564209 0.4637325286865234 0.062059879302978516 0.10076332092285156
0 0.1697529673576355 0.22239181995391846 0.06469676494598389 0.09401683807373047
0 0.09210399389266968 0.38239245414733886 0.11514432430267334 0.11786670684814453
0 0.982261848449707 0.513266658782959 0.03409633636474609 0.10191802978515625
0 0.276149320602417 0.16959377527236938 0.07184696197509766 0.12490708827972412
0 0.748998998998999 0.8053053053053054 0.08258258258258255 0.1113613613613613
