0 0.9395782643957825 0.9627737829059352 0.09786428764530944 0.07531777397623943
0 0.5818202018737793 0.5770466327667236 0.0769761085510254 0.12815408706665038
0 0.6039091110229492 0.21026830077171327 0.052736091613769534 0.09974104166030884
0 0.8470553398132324 0.4558557510375977 0.068853759765625 0.11010074615478516
0 0.44744296073913575 0.7989227056503296 0.0782710075378418 0.09071927070617676
0 0.6084369659423828 0.5465493679046631 0.06387128829956054 0.12126369476318359
0 0.3332518100738525 0.48289761543273924 0.11472206115722657 0.1064300537109375
0 0.16746194958686828 0.2195073366165161 0.06986616849899292 0.10733790397644043
0 0.9545147337118141 0.9186942416869424 0.08448229251148963 0.11962692619626925
0 0.17254663422546637 0.18167072181670726 0.09124087591240876 0.09191673425250066
