0 0.6374207973480225 0.364524781703949 0.06452293395996093 0.09922802448272705
0 0.4200486302375793 0.2077172577381134 0.07278974056243896 0.0986751914024353
0 0.9368401527404785 0.5074877738952637 0.06069679260253906 0.1097794532775879
0 0.7955220460891723 0.7321504354476929 0.08045687675476074 0.13892598152160646
0 0.6295816898345947 0.49562892913818357 0.08524484634399414 0.10237464904785157
0 0.054332713782787326 0.3820023059844971 0.08671909868717194 0.10921735763549804
0 0.7776875257492065 0.9674759864807129 0.05695786476135254 0.0624053955078125
0 0.8183835029602051 0.6777498722076416 0.0648406982421875 0.11313600540161133
0 0.21607281720196758 0.2726048752558851 0.061775264033564814 0.11259225907074932
0 0.9697421073913575 0.47162365913391113 0.04516677856445313 0.1086400032043457
0 0.10338577032089233 0.34230813980102537 0.07475752830505371 0.10684051513671874
0 0.016929621521906423 0.3070398036765043 0.033050030469894395 0.10926961898803711
0 0.08822971880435944 0.2652522802352905 0.07380391955375672 0.09501237869262695
0 0.027264851331710815 0.17765739560127258 0.05452970266342163 0.09539531469345093
0 0.02890390390390394 0.5688188188188189 0.05630630630630633 0.10635635635635639
0 0.169234360410831 0.22564581388110802 0.06613756613756615 0.10893246187363835
0 0.07391845627139747 0.31084656084656087 0.054466230936819175 0.07858699035169621
