0 0.47541351318359376 0.29804768562316897 0.07699556350708008 0.11347870826721192
0 0.7587203025817871 0.41817469596862794 0.06399869918823242 0.11676149368286133
0 0.503842830657959 0.2489408552646637 0.048446273803710936 0.1028105616569519
0 0.03106001615524292 0.2676079511642456 0.06212003231048584 0.09393076896667481
0 0.43515893044295134 0.35820513948982147 0.07470528726224551 0.10322706669936947
0 0.8721206665039063 0.4948021411895752 0.06188201904296875 0.09960060119628907
0 0.21843610405921937 0.6715270042419433 0.07707270383834838 0.08791389465332031
0 0.31516194343566895 0.33718898296356203 0.08222975730895996 0.09613022804260254
0 0.27605867017846225 0.3680465336569293 0.06087888940577234 0.10533518728804873
0 0.7791550636291504 0.38215839862823486 0.04056262969970703 0.10450701713562012
0 0.21342536706198975 0.30104779356412703 0.05891992906742598 0.10293878856480426
0 0.24541259560412643 0.20021779396550357 0.07077639990197661 0.09682059569326044
0 0.2622572112662429 0.3194347352615664 0.052997220847421 0.11717399809518601
0 0.22083610556664449 0.2676868485251718 0.038256819693945496 0.08427589265912622
0 0.15236194278110443 0.22832113550676422 0.07651363938789088 0.10645375914836995
