0 0.5967637062072754 0.23961610794067384 0.05619974136352539 0.105267333984375
0 0.6907486915588379 0.3919005274772644 0.046127033233642575 0.10706236362457275
0 0.4121248245239258 0.2695173978805542 0.05477285385131836 0.10277805328369141
0 0.0857248067855835 0.287583327293396 0.08255226612091064 0.10634312629699708
0 0.7300218105316162 0.3685103416442871 0.05384283065795899 0.10832509994506836
0 0.920767879486084 0.49260950088500977 0.104376220703125 0.10412359237670898
0 0.355915218471897 0.3653390157449472 0.07304425811054178 0.10104840186026483
0 0.5502058029174804 0.40967721939086915 0.0669022560119629 0.1022751808166504
0 0.27885706424713136 0.279988694190979 0.05749225616455078 0.10260672569274902
0 0.29378676414489746 0.711948299407959 0.07609767913818359 0.08971595764160156
0 0.3291202783584595 0.30286641120910646 0.05236926078796387 0.09369478225708008
0 0.045689177513122556 0.3181453704833984 0.09137835502624511 0.1098442554473877
0 0.14360494613647462 0.23329992294311525 0.08462679386138916 0.08439245223999023
0 0.01822559704855794 0.3817030439119853 0.03651398665249597 0.09132888667148291
0 0.37885340430250614 0.33422044799290307 0.05599911288534042 0.08871146595697495
0 0.2696274118429807 0.2582612552672433 0.04712796628964292 0.0942559325792859
0 0.17675759591927256 0.1878465291638944 0.07096917276557996 0.0920381459303615
