0 0.8684555053710937 0.19799767732620238 0.041179656982421875 0.10066354274749756
0 0.030254000425338747 0.17020983695983888 0.06050800085067749 0.09268617630004883
0 0.5353934288024902 0.3331192970275879 0.06546716690063477 0.1081094741821289
0 0.27124115824480827 0.3470205027365536 0.06972890463249562 0.10383198457101692
0 0.1998216390609741 0.3842259407043457 0.07561302185058594 0.10039377212524414
0 0.6032408237457275 0.2796244859695435 0.060713672637939455 0.08791470527648926
0 0.5628605842590332 0.2672954320907593 0.04824380874633789 0.12259407043457031
0 0.4850248645853113 0.2480033400909429 0.04797418828320061 0.0997028907752098
0 0.1493534803390503 0.21399617195129395 0.06533582210540771 0.09228858947753907
0 0.8746088461355642 0.3984885079605324 0.10163315857972222 0.08165161270756384
0 0.5575922012329102 0.8273675918579102 0.06256160736083985 0.09111137390136718
0 0.08711230456829071 0.3165397644042969 0.07117190957069397 0.07211976051330567
0 0.281499476313897 0.19212616722707043 0.05896521592079001 0.09657356657735326
0 0.5643625736236573 0.32637944221496584 0.05564870834350586 0.10931615829467774
0 0.04449672541001534 0.3901326107987564 0.07767321584663593 0.09471333307532719
0 0.0801246791345801 0.49495782911624486 0.11092775944261093 0.10084341767510076
0 0.14133186340332032 0.3997054696083069 0.07741563320159912 0.10949466228485108
0 0.5032086541987532 0.21488815548221488 0.055005500550055014 0.08709204253758714
0 0.2946461312797946 0.3276494316098276 0.05958929226255963 0.10542720938760541
0 0.12779611294462778 0.4578291162449578 0.09442610927759444 0.11092775944261088
0 0.018720205353868695 0.4257425742574257 0.03755042170883756 0.10359369270260352
