0 0.0427395224571228 0.13916995227336884 0.08275469541549682 0.09795637726783753
0 0.9804008027614356 0.1839712637537636 0.03950530922657486 0.10810417136525856
0 0.3772665895061728 0.36135223765432095 0.060281635802469154 0.10368441358024694
0 0.5590507030487061 0.2999375820159912 0.06068887710571289 0.10868635177612304
0 0.9704815864562988 0.3696357846260071 0.058212661743164064 0.10706155300140381
0 0.6964354499718609 0.2916531880888578 0.05539802115128604 0.10107365602840351
0 0.5176882743835449 0.30494463443756104 0.05206232070922852 0.1022789478302002
0 0.6085174083709717 0.2244720935821533 0.051544475555419925 0.09808187484741211
0 0.22880725860595702 0.4451332092285156 0.07956995964050292 0.11442909240722657
0 0.1775972604751587 0.4881735801696777 0.06784930229187011 0.11152153015136719
0 0.3056052207946777 0.3911128997802734 0.07390050888061524 0.1109837532043457
0 0.2035548334762897 0.1902660221030484 0.05652063001105105 0.10041859742598326
0 0.6710862159729004 0.24287078380584717 0.03980588912963867 0.09955615997314453
0 0.055078089237213135 0.3002058506011963 0.08876854181289673 0.09782881736755371
0 0.6763061046600342 0.8691268920898437 0.07299928665161133 0.09972724914550782
0 0.025774201362937295 0.3717277278492838 0.052849704027175905 0.11433382034301758
0 0.19300425052642822 0.3136404275894165 0.07204389572143555 0.0754321575164795
0 0.015459072589874268 0.4903225898742676 0.03049009442329407 0.0705270767211914
0 0.2744974613865893 0.17337469832277477 0.07145886434727526 0.10167098490047098
0 0.1149593644035551 0.417494175169203 0.06520973298801841 0.1127661281161838
0 0.9892310789049921 0.11800523349436391 0.02214170692431552 0.07296698872785827
0 0.7057669082125604 0.26721014492753625 0.03572866344605474 0.08353462157809981
0 0.6140528549382716 0.1997974537037037 0.03231095679012349 0.09886188271604941
0 0.40499614197530864 0.34953703703703703 0.052083333333333336 0.10898919753086424
0 0.15715715715715722 0.3936436436436437 0.0842509175842509 0.11177844511177842
0 0.255588922255589 0.4082415749082416 0.09092425759092422 0.1159492826159493
