0 0.5868394374847412 0.590938949584961 0.06744279861450195 0.11613664627075196
0 0.6400849342346191 0.5524561882019043 0.07927150726318359 0.11016731262207032
0 0.25907704830169676 0.3487497329711914 0.07718682289123535 0.0981400489807129
0 0.6136693477630615 0.16855225563049317 0.04886703491210938 0.10142135620117188
0 0.693674898147583 0.16370173096656798 0.03911170959472656 0.10439423322677613
0 0.7966559171676636 0.7909128427505493 0.06610379219055176 0.118983793258667
0 0.4995589256286621 0.5718999862670898 0.058109188079833986 0.11419849395751953
0 0.3309019565582275 0.22639331817626954 0.0557187557220459 0.11103658676147461
0 0.3439710378646851 0.44344701766967776 0.05981316566467285 0.10175704956054688
0 0.379376494884491 0.6133289337158203 0.07629101276397705 0.08991003036499023
0 0.35683791637420653 0.3417365074157715 0.07434334754943847 0.10892238616943359
0 0.32017757892608645 0.266961932182312 0.04912023544311524 0.05837206840515137
0 0.20857075023741686 0.20085470085470084 0.07953466286799611 0.11396011396011398
