0 0.8970981290568919 0.9658266513936616 0.08686521573119527 0.06300114547537229
0 0.8822903363133249 0.27618135376756064 0.05959982971477218 0.09578544061302681
0 0.8809599829714772 0.2506385696040868 0.03139633886760325 0.0798212005108557
0 0.8516922094508301 0.23015112813963387 0.05481055768412091 0.11015325670498084
0 0.7960834397616008 0.20460834397616007 0.04257130693912306 0.09631758194976588
0 0.8136441038739889 0.18332269050659858 0.045764154959557275 0.09525329927628777
0 0.5677948063005535 0.40416134525329933 0.04682843763303531 0.11228182205193696
0 0.541453810131971 0.4132077479778629 0.05693912303107709 0.10802469135802471
0 0.46642188165176673 0.4038952745849298 0.07183908045977014 0.11174968071519795
0 0.39617374727668847 0.4751497821350763 0.07625272331154681 0.11846405228758164
0 0.397535403050109 0.43600217864923746 0.06535947712418304 0.11642156862745094
0 0.3420479302832245 0.5146377995642702 0.09055010893246189 0.11029411764705878
0 0.27192265795206977 0.43157679738562094 0.06740196078431374 0.09395424836601304
0 0.3144744008714597 0.4135348583877996 0.07897603485838776 0.10280501089324622
0 0.3451116557734205 0.3611111111111111 0.07080610021786489 0.10825163398692812
0 0.1922657952069717 0.5091911764705883 0.07421023965141613 0.0939542483660131
0 0.12928921568627455 0.4325980392156863 0.06944444444444443 0.10144335511982572
0 0.1398420479302833 0.40298202614379086 0.0701252723311547 0.11029411764705883
0 0.17013888888888895 0.3818763616557735 0.06127450980392158 0.10484749455337687
0 0.2375408496732027 0.31821895424836605 0.08306100217864922 0.10552832244008711
0 0.2736247276688454 0.17694716775599134 0.05310457516339871 0.10620915032679737
0 0.22222222222222227 0.13031045751633993 0.0701252723311547 0.09191176470588236
0 0.47242647058823534 0.25932734204793034 0.06535947712418298 0.1062091503267974
0 0.5037445533769064 0.2344771241830066 0.05855119825708062 0.1041666666666667
0 0.06160241874527594 0.3476946334089191 0.08030990173847319 0.10015117157974303
0 0.036706349206349236 0.3788548752834467 0.07341269841269847 0.10585789871504156
0 0.03192951015531662 0.09505177220230986 0.0644165671047392 0.09464356829948228
