0 0.450620174407959 0.7326152801513672 0.07677116394042968 0.10856637954711915
0 0.7918992519378663 0.6122745990753173 0.05711164474487305 0.12639636993408204
0 0.5382200717926026 0.5118273258209228 0.06376981735229492 0.10726652145385743
0 0.14326690435409545 0.43938117027282714 0.09657223224639892 0.10195980072021485
0 0.836234188079834 0.5786221027374268 0.04898624420166016 0.11482257843017578
0 0.22524133324623108 0.4629985809326172 0.07641218900680542 0.11746225357055665
0 0.6143088817596436 0.6065137386322021 0.0550689697265625 0.10810823440551758
0 0.5407619953155518 0.6594936370849609 0.0628519058227539 0.10933752059936523
0 0.6272588253021241 0.54400634765625 0.05595064163208008 0.12104549407958984
0 0.3708627462387085 0.4923864841461182 0.06154932975769043 0.10718927383422852
0 0.33872461318969727 0.5474678039550781 0.06967396736145019 0.09283771514892578
0 0.4315742015838623 0.41774535179138184 0.06226835250854492 0.09980983734130859
0 0.24470033645629882 0.22172932624816893 0.06478238105773926 0.10327038764953614
0 0.4760271549224854 0.5613481044769287 0.046228790283203126 0.08956165313720703
0 0.024815775454044342 0.08813963830471039 0.04942189157009125 0.08795230984687805
0 0.6838383674621582 0.5133540153503418 0.04596529006958008 0.10835514068603516
0 0.2822970151901245 0.18236019611358642 0.05477252006530762 0.0986168384552002
0 0.027479030125015545 0.30602865639361987 0.05561236418900657 0.08650986753176534
0 0.2645179986953735 0.4389883875846863 0.06527600288391114 0.09132463932037353
0 0.5863363363363363 0.43430930930930933 0.07007007007007002 0.1101101101101101
0 0.337962962962963 0.5 0.06381381381381386 0.08883883883883888
0 0.2678928928928929 0.20470470470470473 0.06631631631631625 0.10135135135135134
