0 0.6110690116882325 0.6988190174102783 0.08164424896240234 0.12508172988891603
0 0.521021032333374 0.7881712198257447 0.06616477966308594 0.10379691123962402
0 0.9107577323913574 0.6333210468292236 0.052412796020507815 0.10250377655029297
0 0.8680845260620117 0.6576884746551513 0.055205917358398436 0.11133899688720703
0 0.6536568641662598 0.4564085006713867 0.0664515495300293 0.10995368957519532
0 0.540906572341919 0.5903361797332763 0.04985361099243164 0.09341773986816407
0 0.5960784435272217 0.5548672676086426 0.0622833251953125 0.1274968147277832
0 0.48585920333862304 0.4446930766105652 0.061078453063964845 0.10184271335601806
0 0.672064208984375 0.6579795360565186 0.07277183532714844 0.11612224578857422
0 0.6887795448303222 0.595008373260498 0.06771163940429688 0.11855897903442383
0 0.08893135488033295 0.3189520359039307 0.09514153599739075 0.10136528015136718
0 0.2809601306915283 0.18205482959747316 0.05512676239013672 0.09254541397094726
0 0.7512800216674804 0.5516999244689942 0.057838821411132814 0.11809816360473632
0 0.4196939587593079 0.5069969177246094 0.05961158275604248 0.0931656837463379
0 0.22196507891854486 0.42351255357205814 0.05454076844770033 0.10102911114812015
0 0.06913669258356095 0.43204264640808104 0.08465242087841034 0.10120124816894531
0 0.2864886082209147 0.48717574646045736 0.08918494572033285 0.10697983841041668
0 0.1975304435144316 0.20903267161146896 0.07190607993810393 0.0949922701498648
0 0.022710072994232177 0.2538963794708252 0.045420145988464354 0.10476279258728027
0 0.3928223252296448 0.5750902175903321 0.0836470365524292 0.11276922225952149
0 0.04860563636184099 0.35519757208762115 0.08069475620716539 0.10203678581688377
0 0.3198198198198199 0.46809309309309316 0.07007007007007002 0.10260260260260268
0 0.3886386386386386 0.5462962962962963 0.07507507507507503 0.10385385385385389
0 0.2178428428428429 0.1946946946946947 0.07632632632632629 0.09884884884884884
