0 0.7431620121002197 0.6429629802703858 0.05250997543334961 0.12014894485473633
0 0.15588102340698243 0.43537665605545045 0.0787163257598877 0.09768502712249756
0 0.6674647808074952 0.7381153106689453 0.06741800308227539 0.10525732040405274
0 0.9503247261047363 0.720712423324585 0.08384552001953124 0.12347650527954102
0 0.6129494667053222 0.6236112594604493 0.06837577819824218 0.107330322265625
0 0.5435030937194825 0.4641146183013916 0.06270923614501953 0.0926579475402832
0 0.6531179904937744 0.5813136100769043 0.056942176818847653 0.10896472930908203
0 0.6039515018463135 0.8567896842956543 0.06661176681518555 0.09349994659423828
0 0.8137266159057617 0.5879913806915283 0.07428913116455078 0.10977296829223633
0 0.475738000869751 0.5432761669158935 0.07906818389892578 0.09981889724731445
0 0.7130902290344239 0.7069772720336914 0.053749370574951175 0.11029043197631835
0 0.30620312690734863 0.4202328324317932 0.059688663482666014 0.1013176679611206
0 0.2813486337661743 0.18126912117004396 0.05277571678161621 0.09368276596069336
0 0.703971529006958 0.4901308059692383 0.05002946853637695 0.10879297256469726
0 0.32430756092071533 0.5122561931610108 0.07113161087036132 0.10760431289672852
0 0.04702903161978008 0.39155026605303916 0.08274647852848534 0.10741041679903118
0 0.06205535830598035 0.2722584701544789 0.07977440950193089 0.11358966266635166
0 0.9764557838439941 0.7069034099578857 0.04562034606933594 0.13715286254882814
0 0.3617796182632446 0.48464384078979494 0.05549626350402832 0.09285202026367187
0 0.42977681159973147 0.626664113998413 0.06264543533325195 0.10083646774291992
0 0.6338736057281494 0.6039701461791992 0.07845191955566407 0.12340412139892579
0 0.1416199564933777 0.3455158472061157 0.06834685802459717 0.09970488548278808
0 0.7335480213165283 0.6875603199005127 0.059294509887695315 0.1411762237548828
0 0.14590637683868407 0.1877635359764099 0.0690035343170166 0.10531165599822997
0 0.42926506996154784 0.5747745513916016 0.06039857864379883 0.1031158447265625
0 0.08738848337388488 0.3810489321438226 0.09799945931332793 0.10813733441470669
0 0.03061638280616387 0.2911597729115977 0.058799675587996744 0.09732360097323602
0 0.16882941335496085 0.1722087050554204 0.06488240064882399 0.1013787510137875
