0 0.703765869140625 0.9300762176513672 0.08545188903808594 0.09615707397460938
0 0.7147423267364502 0.7931442975997924 0.05502405166625977 0.11063084602355958
0 0.6009955883026123 0.4914531230926514 0.07050819396972656 0.0914046287536621
0 0.6684351921081543 0.6519991397857666 0.048189640045166016 0.09288768768310547
0 0.80938560962677 0.694100284576416 0.05581545829772949 0.12805471420288086
0 0.7717626571655274 0.7474838733673096 0.050180912017822266 0.09529924392700195
0 0.7213603496551514 0.6280837059020996 0.07288942337036133 0.10850582122802735
0 0.4835317842714542 0.6588365728790696 0.07047396899462954 0.12401854593355252
0 0.39592933654785156 0.41859259605407717 0.07071161270141602 0.09866390228271485
0 0.24732820987701415 0.4530329704284668 0.06579980850219727 0.08775510787963867
0 0.7614523381680935 0.5463301522595747 0.06244421587572691 0.13395159581044044
0 0.0988015353679657 0.2840139150619507 0.07807546854019165 0.1052581787109375
0 0.0315590500831604 0.41841448545455934 0.06280884742736817 0.08601038455963135
0 0.5188157081604003 0.5949771404266357 0.05202207565307617 0.11277923583984376
0 0.13513650065726113 0.4024639649195475 0.07907634803482719 0.12375074883958363
0 0.2789180755615234 0.18249921798706054 0.06092314720153809 0.08785619735717773
0 0.8765753746032715 0.6292123317718505 0.05223789215087891 0.10013303756713868
0 0.41614225358218404 0.5222204171143494 0.05916273593902588 0.09453544616699219
0 0.2090975522994995 0.37417479753494265 0.06636257171630859 0.09841678142547608
0 0.10452009538511138 0.1731126834441711 0.06239354412357606 0.09822736889034421
0 0.37743164149371233 0.5505658315824675 0.07246404433990271 0.12033980830653661
0 0.0685595868914216 0.303916396679463 0.0645825279188586 0.08706202258815518
0 0.1345971651412584 0.14802860766201764 0.06425901055335999 0.10176341533660889
0 0.09807775197802365 0.41488518769795946 0.09563628783574456 0.11142081579527224
0 0.4924924924924926 0.6201201201201202 0.07007007007007007 0.12887887887887886
0 0.03846346346346347 0.32511261261261265 0.07832832832832837 0.10828328328328332
