0 0.7708504676818848 0.8592172861099243 0.08408756256103515 0.1329160213470459
0 0.4793403148651123 0.41340614557266236 0.04382896423339844 0.10239551067352295
0 0.8443467140197753 0.8174116849899292 0.08336982727050782 0.11600193977355958
0 0.3245560646057129 0.4699419975280762 0.06314778327941895 0.0950953483581543
0 0.8722618103027344 0.7393654346466064 0.06701431274414063 0.11749515533447266
0 0.6516344547271729 0.5317883491516113 0.055212879180908205 0.10327396392822266
0 0.9483487129211425 0.691109037399292 0.06946048736572266 0.1328721046447754
0 0.2691273927688599 0.40524128675460813 0.057436895370483396 0.10047247409820556
0 0.7331462383270264 0.6983396053314209 0.06430635452270508 0.09908552169799804
0 0.8112798690795898 0.9671498775482178 0.0630838394165039 0.06570024490356445
0 0.5372731417626351 0.7068604889336052 0.07059886161987484 0.12306580891957634
0 0.816497015953064 0.5809369087219238 0.06077179908752441 0.11934690475463867
0 0.7755594968795776 0.6778688430786133 0.05287327766418457 0.1141880989074707
0 0.5722945690155029 0.6213410377502442 0.05288562774658203 0.11483516693115234
0 0.14901262360650142 0.44154416192639934 0.0838110329987885 0.10815291738844258
0 0.08220599740743637 0.4070948243141174 0.07384441196918487 0.09992454051971436
0 0.2822408676147461 0.18247563242912293 0.05668749809265137 0.08723651170730591
0 0.46231555938720703 0.558957290649414 0.06385507583618164 0.11851587295532226
0 0.12191648483276367 0.31050269603729247 0.08478455543518067 0.12322392463684081
0 0.07117531471424281 0.1449163780585901 0.07077905785691394 0.09830538202095798
0 0.4331805229187012 0.5660966873168946 0.05873126983642578 0.09910078048706054
0 0.08405719101428985 0.3354292392730713 0.06907467246055603 0.10104093551635743
0 0.5506756756756758 0.6495245245245246 0.06881881881881866 0.11261261261261266
0 0.18718718718718724 0.42242242242242245 0.08508508508508512 0.10885885885885895
0 0.06644144144144148 0.3417167167167167 0.0638138138138138 0.09009009009009009
0 0.10335335335335337 0.12775275275275277 0.06756756756756756 0.10260260260260258
