0 0.4006670117378235 0.2157505750656128 0.0689594030380249 0.1043670654296875
0 0.18365924954414367 0.3693337917327881 0.09131430387496949 0.10181961059570313
0 0.5707301139831543 0.5218625545501709 0.06325979232788086 0.11560354232788086
0 0.7186541080474853 0.7397790908813476 0.06271677017211914 0.11147689819335938
0 0.5153039455413818 0.5814455509185791 0.07628927230834961 0.10828361511230469
0 0.6686724662780762 0.1663247525691986 0.04370555877685547 0.10109196901321411
0 0.7448594093322753 0.15452442169189454 0.0404047966003418 0.10170068740844726
0 0.31721351146697996 0.5826645374298096 0.0854001522064209 0.09343509674072266
0 0.30689635276794436 0.42421770095825195 0.07138981819152831 0.09599628448486328
0 0.14933053255081177 0.21624746918678284 0.07044970989227295 0.0959121584892273
0 0.28331961631774905 0.3479448318481445 0.058773231506347653 0.08543663024902344
0 0.4378157615661621 0.5162378311157226 0.054282760620117186 0.08973369598388672
0 0.94499517279586 0.9837572421103801 0.054510307312011716 0.03405246734619162
0 0.25427350427350426 0.30294396961063624 0.07359924026590689 0.11633428300094967
