0 0.705416488647461 0.3681897401809692 0.061593151092529295 0.113151216506958
0 0.6711417675018311 0.5817801475524902 0.07054882049560547 0.0979039192199707
0 0.4788395881652832 0.5111021041870117 0.06856498718261719 0.09830598831176758
0 0.728535795211792 0.7689238548278808 0.06823415756225586 0.11991844177246094
0 0.8745916366577149 0.30327534675598145 0.050439643859863284 0.09505105018615723
0 0.9639652252197266 0.751981782913208 0.0704183578491211 0.1183650016784668
0 0.3501251220703125 0.3861562967300415 0.07069225311279297 0.10680069923400878
0 0.41651062965393065 0.5718575477600097 0.06569576263427734 0.1095733642578125
0 0.3770607829093933 0.5831686496734619 0.07204420566558838 0.10725193023681641
0 0.29933595657348633 0.4300514221191406 0.07953262329101562 0.10310153961181641
0 0.6030642509460449 0.7083446979522705 0.06495466232299804 0.10406017303466797
0 0.1801120162010193 0.4605112552642822 0.08120505809783936 0.10118770599365234
0 0.7691172599792481 0.7303770542144775 0.053737831115722653 0.1062255859375
0 0.3288325548171997 0.42124142646789553 0.08172187805175782 0.12065343856811524
0 0.2541193962097168 0.17372432351112366 0.07696866989135742 0.09135388135910034
0 0.8672422422422423 0.8409659659659661 0.061311311311311345 0.09259259259259259
0 0.8647397397397397 0.8922672672672673 0.06381381381381386 0.0950950950950951
0 0.8626376376376377 0.9581831831831833 0.08213213213213214 0.08178178178178173
0 0.15965965965965967 0.47497497497497504 0.09259259259259259 0.11636636636636637
