0 0.40307825803756714 0.41907200813293455 0.07480947971343994 0.12251911163330079
0 0.5389680385589599 0.5641283512115478 0.06140003204345703 0.10267276763916015
0 0.6390599727630615 0.3422228693962097 0.05393133163452148 0.11802933216094971
0 0.4343624498273756 0.6220404247383217 0.07893510986496129 0.11502825963246574
0 0.6730178833007813 0.7864465236663818 0.062206172943115236 0.11773386001586914
0 0.7652301788330078 0.6301315784454345 0.06127290725708008 0.09196863174438477
0 0.3374748706817627 0.45831003189086916 0.08403959274291992 0.10474233627319336
0 0.9499098777770996 0.29869015216827394 0.03712406158447266 0.09729924201965331
0 0.2137896622504081 0.18053665094308788 0.0707224676439592 0.0955577863706602
0 0.24143061637878419 0.4960143566131592 0.08058629035949708 0.12000999450683594
0 0.20985720157623292 0.5037227153778077 0.08989028930664063 0.12398738861083984
0 0.9598679156394097 0.9186061061061063 0.07889499043797839 0.1277527527527528
0 0.7948327541351319 0.8093571424484253 0.054271602630615236 0.09644513130187989
0 0.36678471565246584 0.4431538701057434 0.0695113182067871 0.11494576930999756
0 0.8222965955734253 0.7868474006652832 0.06300168037414551 0.10719852447509766
0 0.47747747747747754 0.6126126126126127 0.07257257257257269 0.12637637637637636
0 0.9179179179179179 0.9454454454454454 0.06006006006005998 0.07632632632632629
0 0.9423173173173173 0.9842342342342344 0.06381381381381364 0.026276276276276232
