0 0.8017189979553223 0.4041226267814636 0.05181598663330078 0.10347597599029541
0 0.2278681993484497 0.4728089809417725 0.08856320381164551 0.10044775009155274
0 0.6256749629974365 0.5697000980377197 0.05880165100097656 0.11945571899414062
0 0.36889545917510985 0.22581799030303956 0.06583752632141113 0.11746068000793457
0 0.02695195195195197 0.3089663394817242 0.05520520520520525 0.11217692320769257
0 0.4653763771057129 0.6799958705902099 0.09398307800292968 0.11534357070922852
0 0.49780774116516113 0.6704219341278076 0.0772597312927246 0.11100883483886718
0 0.5506170407191172 0.6095555531012046 0.06893608873193566 0.11775975485105766
0 0.07084905603029829 0.29580249167061423 0.07513154549402991 0.09683345509720996
0 0.7193901538848877 0.8507021903991699 0.09423818588256835 0.10643787384033203
0 0.8972478866577148 0.9101721763610839 0.08078575134277344 0.12211246490478515
0 0.02144451141357422 0.1448810577392578 0.04273739457130432 0.07960577011108398
0 0.7526909351348877 0.8406217575073243 0.06969776153564453 0.10503768920898438
0 0.5957207207207208 0.5938438438438439 0.07132132132132117 0.11636636636636642
0 0.02227227227227228 0.14997497497497497 0.04454454454454456 0.0906906906906907
0 0.025400400400400418 0.35750750750750754 0.050800800800800835 0.08353353353353357
