0 0.8057207107543946 0.8916989326477051 0.08520450592041015 0.10918197631835938
0 0.5071213722229004 0.4086817741394043 0.05299997329711914 0.10697517395019532
0 0.5680164337158203 0.3948419809341431 0.06784181594848633 0.09070076942443847
0 0.1478089213371277 0.26205270290374755 0.06925702095031738 0.09908523559570312
0 0.33566348552703856 0.21692357659339906 0.06582083702087402 0.10236195325851441
0 0.6398078918457031 0.22885656356811523 0.04114856719970703 0.09634075164794922
0 0.42462013295346623 0.2583379809616411 0.06054131054131052 0.12482451291052586
0 0.34352970123291016 0.18867161273956298 0.05651745796203613 0.08828086853027343
0 0.11101991832256317 0.2849304437637329 0.09372511506080627 0.10234584808349609
0 0.4501424501424501 0.24537037037037032 0.06172839506172841 0.10327635327635326
