0 0.7211542129516602 0.36689034700393675 0.06600818634033204 0.10674169063568115
0 0.27064287662506104 0.5191963195800782 0.09124894142150879 0.1119049072265625
0 0.7814239908625056 0.9128579638503096 0.08487000374703307 0.1264862745015828
0 0.6333611011505127 0.6231059551239013 0.06639261245727539 0.11345396041870118
0 0.04228679388761521 0.3612252473831177 0.0824707180261612 0.11351771354675293
0 0.6712179183959961 0.5914948940277099 0.05388851165771484 0.10895490646362305
0 0.11195076704025268 0.31429638862609866 0.07490425109863282 0.09533777236938476
0 0.5956256866455079 0.6360872268676758 0.05677118301391602 0.09908113479614258
0 0.509591817855835 0.730413293838501 0.077056884765625 0.11872014999389649
0 0.5418729305267334 0.715737247467041 0.06527032852172851 0.11019630432128906
0 0.3123123123123124 0.2090840840840841 0.0625625625625625 0.1201201201201201
0 0.062407097220420836 0.3327754497528076 0.08698213696479798 0.11343097686767578
0 0.9815703392028808 0.9635120391845703 0.03518600463867187 0.07236728668212891
0 0.8297047047047047 0.8891391391391393 0.07132132132132138 0.12887887887887897
