0 0.3956994891166687 0.5304999351501465 0.08987257480621338 0.11940479278564453
0 0.2548542022705078 0.3623072624206543 0.0666071891784668 0.1088475227355957
0 0.5162257194519043 0.20433754920959474 0.04616613388061523 0.1022529125213623
0 0.5982264041900635 0.6183669567108154 0.05450105667114258 0.11726799011230468
0 0.7332221508026123 0.9065059661865235 0.07810859680175782 0.10607414245605469
0 0.042123281955718996 0.40978035926818845 0.08352259397506714 0.09399576187133789
0 0.4463009834289551 0.496703052520752 0.08227729797363281 0.10574712753295898
0 0.7713923931121827 0.13446685075759887 0.036362838745117185 0.10060684680938721
0 0.19825258255004882 0.5121945381164551 0.08824028968811035 0.08700933456420898
0 0.8125733613967896 0.10922939777374267 0.03614974021911621 0.09020915031433105
0 0.9346521377563477 0.7923701524734497 0.0690683364868164 0.10670981407165528
0 0.33118653297424316 0.42677007913589476 0.05436239242553711 0.08401200771331788
0 0.1402529001235962 0.3764031410217285 0.10042710304260254 0.1333627700805664
0 0.026515865325927736 0.2323817491531372 0.05141085386276245 0.07339410781860352
0 0.9559817314147949 0.17816656827926636 0.031000328063964844 0.10021660327911378
0 0.1198734164237976 0.32061944007873533 0.07412686347961425 0.07373523712158203
0 0.9905151946818612 0.7172602089268756 0.017117758784425625 0.06177587844254512
0 0.9911087369420701 0.7949311490978158 0.01593067426400778 0.06754510921177584
