0 0.5809082984924316 0.19546155929565429 0.06106548309326172 0.10580654144287109
0 0.3804423213005066 0.4704188346862793 0.06597397327423096 0.11843395233154297
0 0.5333750247955322 0.5751892566680908 0.06691198348999024 0.11608810424804687
0 0.3294291734695435 0.49819364547729494 0.07692842483520508 0.11586103439331055
0 0.9503913323310931 0.7462278796736671 0.05474586486816406 0.17030649185180663
0 0.20826349258422852 0.33467864990234375 0.06718764305114747 0.10052385330200195
0 0.6299577713012695 0.848764443397522 0.059117698669433595 0.10730490684509278
0 0.8742395401000976 0.7482707262039184 0.06339817047119141 0.11864714622497559
0 0.05555300871078333 0.3400669804212601 0.11106746196746826 0.1535660982131958
0 0.27075769901275637 0.3897458553314209 0.05431199073791504 0.08812198638916016
0 0.8305813789367675 0.09938900470733643 0.053081703186035153 0.11347827911376954
0 0.8106607675552369 0.10889956951141358 0.05255770683288574 0.11450753211975098
0 0.8893996238708496 0.1989311158657074 0.05212821960449219 0.1050695538520813
0 0.985173314339981 0.1287986704653371 0.02780151946818621 0.13129154795821465
0 0.1468423551756885 0.48516144349477675 0.09140550807217475 0.12464387464387466
0 0.06018518518518516 0.3996913580246913 0.11277302943969608 0.11039886039886039
0 0.9427825261158594 0.6739078822412156 0.045109211775878455 0.14126305792972457
