0 0.4335457801818848 0.48447585105895996 0.0653085708618164 0.10625619888305664
0 0.746525764465332 0.6772899627685547 0.07605142593383789 0.09911041259765625
0 0.7575065612792968 0.2126875638961792 0.05633535385131836 0.10752668380737304
0 0.6858702182769776 0.17270023822784425 0.04395170211791992 0.10735740661621093
0 0.2298433303833008 0.4463934898376465 0.08857564926147461 0.107476806640625
0 0.9011160850524902 0.6531508922576904 0.0562713623046875 0.11181459426879883
0 0.2821872472763062 0.42087664604187014 0.08971805572509765 0.11228923797607422
0 0.8268438593501266 0.6908903855091033 0.06650719642639161 0.15356903076171874
0 0.4444415092468262 0.7664129972457886 0.07121610641479492 0.10972237586975098
0 0.9129492759704589 0.2064000368118286 0.04402217864990234 0.1081540584564209
0 0.9508041381835938 0.891224324080566 0.09141254425048828 0.1498960494995117
0 0.8872311592102051 0.040604740381240845 0.037408447265625 0.0805809497833252
0 0.15298988977615188 0.30161859665387947 0.08734190464019775 0.09124188423156739
0 0.8824044227600097 0.19703831076622008 0.04119033813476562 0.09916588068008422
0 0.981220863664705 0.231679725024322 0.03824901580810547 0.1333719015121459
0 0.03983733952045441 0.43053832054138186 0.07967467904090882 0.09061813354492188
0 0.8650284900284899 0.07858499525166189 0.03917378917378924 0.09734093067426398
0 0.8270417853751185 0.6074311490978158 0.034425451092117657 0.1198955365622033
0 0.15990028490028488 0.3528015194681861 0.07003798670465336 0.09259259259259259
0 0.9493114909781576 0.8044871794871794 0.06766381766381768 0.12226970560303899
0 0.9780508072174737 0.1638651471984805 0.04204653371320054 0.12782526115859452
