0 0.3432579517364502 0.4157054901123047 0.06575345993041992 0.1122614860534668
0 0.3567255735397339 0.1551876485347748 0.05823960304260254 0.11132727861404419
0 0.7998847961425781 0.5811890602111817 0.05308094024658203 0.12522535324096679
0 0.6306683540344238 0.6311384677886963 0.07220869064331055 0.11231136322021484
0 0.6202138423919678 0.22845859527587892 0.062272834777832034 0.11288642883300781
0 0.7662076473236084 0.23986025814317227 0.053304290771484374 0.12663640975952148
0 0.12219918966293335 0.401438045501709 0.0772594928741455 0.10767602920532227
0 0.9366043090820313 0.2414860248565674 0.03587970733642578 0.09959936141967773
0 0.18449567556381224 0.370071804523468 0.0881427526473999 0.12204921245574951
0 0.7064146518707275 0.6344810789693341 0.06841497421264649 0.18207645416259766
0 0.280669641494751 0.6992087841033936 0.08735933303833007 0.10466947555541992
0 0.8903931983628957 0.24145406897817467 0.06226043701171875 0.13583192825317383
0 0.06441311836242676 0.3061558246612549 0.0849837064743042 0.10450868606567383
0 0.7760179996490478 0.13412036001682281 0.04024581909179688 0.1033765971660614
0 0.8001220464706421 0.7833634138107299 0.06883397102355956 0.16250710487365722
0 0.9864402770996094 0.2074579954147339 0.02711944580078125 0.10721044540405274
0 0.906665617606805 0.02784534724462858 0.03103923797607422 0.05616552829742429
0 0.9553746684437577 0.016800197274030537 0.02849102020263672 0.034127157926559425
0 0.25150537490844727 0.225726318359375 0.09613204002380371 0.07580409049987794
0 0.8111079216003418 0.8174463033676147 0.06471328735351563 0.09444775581359863
0 0.026946818613485267 0.36170465337132 0.05341880341880346 0.11752136752136756
0 0.7575973409306742 0.21509971509971507 0.04036087369420708 0.11633428300094967
0 0.897079772079772 0.19669990503323834 0.029677113010446284 0.09615384615384615
0 0.8840218423551756 0.1848290598290598 0.04392212725546061 0.1175213675213675
0 0.7142687559354225 0.5391737891737891 0.06766381766381768 0.13295346628679963
