0 0.6277419567108155 0.5029777526855469 0.06219768524169922 0.12371702194213867
0 0.18295496702194214 0.3453397750854492 0.07854564189910888 0.10618267059326172
0 0.5314789772033691 0.28607245297626666 0.05989360809326172 0.14170846939086915
0 0.4015340209007263 0.23944272994995117 0.08365433216094971 0.10664634704589844
0 0.8244844436645508 0.27820849418640137 0.050030517578125 0.10128989219665527
0 0.9087746620178223 0.7233850479125976 0.0639383316040039 0.10768604278564453
0 0.512678575515747 0.5471899032592773 0.0657425880432129 0.10860881805419922
0 0.9422565460205078 0.66897554397583 0.05402984619140625 0.11624832153320312
0 0.8632972717285157 0.07428293824195861 0.04246387481689453 0.09493929147720337
0 0.5405604966119258 0.44513220442892387 0.05755958557128906 0.16201038360595746
0 0.051819607615470886 0.5995174884796143 0.10207725167274476 0.10129308700561523
0 0.584091807996672 0.6463616449042716 0.07176361083984376 0.14777164459228515
0 0.9640530156953381 0.8306188644733412 0.06371994018554687 0.18638176918029817
0 0.580958890914917 0.16541886925697327 0.06093473434448242 0.07443145513534546
0 0.7227458492869552 0.25660439653840394 0.06494026184082032 0.11028733253479014
0 0.7890842499329948 0.9788171474297386 0.07472798636383013 0.043579214137730346
0 0.6994760497456376 0.21681576726103777 0.029706954956054688 0.1020367622375489
0 0.600031566619873 0.09234880656003952 0.03216133117675781 0.09866303503513336
0 0.7173740529606486 0.16645250193074218 0.045003318786621095 0.08030883073806767
0 0.050094966761633414 0.29700854700854695 0.08072174738841406 0.1234567901234568
0 0.01792497625830957 0.35934235517568847 0.03584995251661914 0.07238841405508067
0 0.5664767331433997 0.5367996201329535 0.05460588793922141 0.13057929724596398
0 0.5902184235517568 0.7142687559354225 0.07597340930674258 0.1198955365622033
0 0.7932098765432097 0.88164767331434 0.056980056980056884 0.07716049382716042
0 0.8127967711301044 0.9475308641975307 0.06528964862298178 0.10208926875593534
0 0.9724596391263057 0.9439696106362773 0.037986704653371395 0.1092117758784424
0 0.7362298195631526 0.1943257359924026 0.045109211775878455 0.09140550807217483
0 0.5373931623931623 0.24121557454890788 0.060541310541310414 0.11870845204178537
