0 0.5185073375701904 0.30691070556640626 0.06865081787109376 0.0907322883605957
0 0.8552825069155788 0.9710212688500387 0.07025833129882812 0.0594482421875
0 0.5163014730270546 0.7296988374260869 0.11019973754882813 0.14644293785095214
0 0.6759353637695312 0.5898810863494873 0.07275505065917968 0.12680587768554688
0 0.39222469329833987 0.44484137296676635 0.06621694564819336 0.1092022180557251
0 0.6570333003997803 0.7979849576950073 0.06563339233398438 0.12333474159240723
0 0.21314650849852249 0.30153660464037746 0.08972339630126953 0.1111673355102539
0 0.4304152138665644 0.29060911188098437 0.05811395645141602 0.1272740364074707
0 0.4787368758564774 0.41202205502183126 0.0679551124572754 0.11909179687500006
0 0.411222779750824 0.8519583702087402 0.0849564790725708 0.12400093078613281
0 0.9814974784851074 0.5955073356628418 0.037005043029785155 0.10258712768554687
0 0.47869415441696006 0.22485385264879387 0.05729990005493164 0.09018206596374509
0 0.13616437911987306 0.23026113510131835 0.058064937591552734 0.09977488517761231
0 0.4309101104736328 0.4176163673400879 0.0728123664855957 0.14222536087036133
0 0.36074062034501875 0.5380666541238116 0.08904967308044434 0.13944664001464843
0 0.9480112075805665 0.6686265945434571 0.07085590362548828 0.10114431381225586
0 0.6869372367858887 0.5498075008392334 0.06085367202758789 0.10475244522094726
0 0.6495988368988037 0.7188135147094726 0.06520109176635742 0.09607887268066406
0 0.7866809116809116 0.1278490028490028 0.048670465337131985 0.11039886039886036
0 0.8958926875593541 0.18364197530864193 0.06291547958214631 0.11277302943969608
0 0.3367758784425451 0.5860636277302944 0.08903133903133906 0.11039886039886035
0 0.4976258309591642 0.7938034188034188 0.10921177587844255 0.1175213675213675
0 0.40443969610636277 0.3688271604938271 0.07003798670465336 0.11277302943969608
0 0.4453941120607787 0.26080246913580246 0.04985754985754993 0.09615384615384612
0 0.47447768281101615 0.19076448243114907 0.05341880341880341 0.06766381766381768
0 0.23171889838556503 0.2489316239316239 0.07359924026590689 0.10090218423551757
