0 0.32307635621580755 0.3992152985118167 0.07378044128417968 0.11634180545806885
0 0.5498226642608642 0.542836856842041 0.07311334609985351 0.11625986099243164
0 0.2840376853942871 0.7498521089553833 0.10269136428833008 0.10788092613220215
0 0.33993210289892645 0.23500201251545286 0.06609970683272631 0.11102966605654682
0 0.3694955387572844 0.38534537484729614 0.06853635311126709 0.130112361907959
0 0.35233641862869264 0.7079385757446289 0.10289132595062256 0.1542332649230957
0 0.809112548828125 0.6012172222137451 0.054999923706054686 0.10106658935546875
0 0.5757088661193848 0.5043797016143798 0.06077365875244141 0.12093572616577149
0 0.5688450813293457 0.04429581165313721 0.03574838638305664 0.08236652612686157
0 0.056787804606859706 0.3105924565001883 0.1005744382696613 0.16039153524273816
0 0.6407573223114014 0.9492919921875 0.06249876022338867 0.09849300384521484
0 0.2824315071105957 0.2806940317153931 0.04777684211730957 0.10752682685852051
0 0.4966106589137093 0.740367906974365 0.09633331298828131 0.1475067138671875
0 0.8624972343444824 0.5339302539825439 0.044882583618164065 0.1012730598449707
0 0.29497274998133227 0.2563511842676038 0.027813284462786584 0.118115473948313
0 0.6678665161132813 0.8779838562011719 0.06429357528686523 0.09273204803466797
0 0.8826301574707032 0.04911212474107742 0.03386383056640625 0.06663385331630707
0 0.8329172134399414 0.5561994552612305 0.0380157470703125 0.07535686492919921
0 0.9321081400596858 0.6756012835959989 0.058414649963378903 0.1467287063598633
0 0.2275641025641025 0.5219610636277303 0.07953466286799621 0.10565052231718908
0 0.2228157644824311 0.4786324786324786 0.09377967711301044 0.11158594491927828
0 0.025047483380816683 0.21556267806267804 0.050094966761633365 0.07742165242165239
0 0.09995251661918324 0.25486704653371317 0.08309591642924974 0.12226970560303896
0 0.9018281101614434 0.7320750237416904 0.053418803418803354 0.10802469135802475
0 0.8774928774928774 0.7611585944919278 0.049857549857549824 0.12108262108262113
0 0.8466286799620132 0.9493114909781576 0.07359924026590689 0.09377967711301033
0 0.8098290598290597 0.9730531813865146 0.09734093067426397 0.04392212725546061
0 0.516025641025641 0.6655982905982906 0.08665716999050321 0.10802469135802466
0 0.38663342830009495 0.6851851851851852 0.09615384615384623 0.1329534662867997
0 0.4163105413105413 0.3474596391263058 0.06766381766381768 0.11277302943969614
0 0.3504273504273504 0.3355887939221272 0.05698005698005699 0.1009021842355176
0 0.34330484330484323 0.2934472934472934 0.054605887939221304 0.07597340930674264
0 0.3545821462488129 0.19729344729344725 0.07003798670465336 0.09496676163342828
