0 0.7353418827056885 0.26484270095825196 0.04172201156616211 0.10294780731201172
0 0.2821146726608276 0.43028993606567384 0.06905541419982911 0.12616987228393556
0 0.20300679802894592 0.5321872711181641 0.09029825925827026 0.11570672988891602
0 0.6625310897827148 0.7500636100769043 0.07547369003295898 0.10843162536621094
0 0.31535294055938723 0.40353916883468627 0.06346874237060547 0.1170452356338501
0 0.3516237376761912 0.8174295060881409 0.11915404796600342 0.13344354629516603
0 0.9356474876403809 0.22958569526672362 0.04446907043457031 0.10405550003051758
0 0.5792653560638428 0.4087172508239746 0.06469869613647461 0.09068765640258789
0 0.15957116988989023 0.21581655651868686 0.1144889684597425 0.13151978344885593
0 0.03281607361544003 0.24814866674252048 0.06610698103904725 0.1125110983848572
0 0.5331845283508301 0.5942018508911133 0.0794682502746582 0.11633377075195313
0 0.25334758758544923 0.7085943222045898 0.07928466796875 0.09235086441040039
0 0.5657967965034564 0.56018353776488 0.10215559005737304 0.15443267822265624
0 0.9105194091796875 0.19585734009742736 0.03353748321533203 0.09351814985275268
0 0.11253923659990324 0.6258675640012011 0.16226677894592284 0.1637908935546875
0 0.04582262829243291 0.48900714685887464 0.09224621355533599 0.12451639175415055
0 0.027398230135440828 0.3578122019767761 0.05475623309612274 0.10047399997711182
0 0.5238339089939738 0.4783349848201131 0.07742109298706054 0.10661687850952138
0 0.2787947654724121 0.6659057140350342 0.07200460433959961 0.07633438110351562
0 0.5794098377227783 0.5404808044433593 0.06886711120605468 0.13759593963623046
0 0.2637457370758057 0.2591388702392578 0.08226256370544434 0.11823186874389649
0 0.02932098765432095 0.20026115859449192 0.05579297245963914 0.10802469135802469
0 0.36229819563152893 0.12428774928774926 0.05698005698005699 0.11039886039886038
0 0.18542260208926872 0.29938271604938266 0.07122507122507121 0.0997150997150997
0 0.232312440645774 0.2851377018043684 0.058167141500474834 0.11396011396011395
0 0.027540360873694162 0.5652896486229819 0.05460588793922125 0.11396011396011398
0 0.410375118708452 0.7694681861348528 0.08428300094966759 0.11396011396011398
0 0.556386514719848 0.459045584045584 0.060541310541310414 0.11277302943969614
