0 0.7605628967285156 0.22101027965545655 0.05483856201171875 0.10010576248168945
0 0.045182327319074636 0.6046257944414984 0.08817285723269613 0.13737709107901633
0 0.32918994426727294 0.32014625072479247 0.07210536003112793 0.10216221809387208
0 0.36109610795974734 0.2619816064834595 0.07899940013885498 0.0941235065460205
0 0.29566192626953125 0.6008621692657471 0.08200736045837402 0.1106597900390625
0 0.6114157199859619 0.23586679100990296 0.06247491836547851 0.13637064695358275
0 0.05801294393349247 0.34995039232775693 0.11635639667510986 0.14670083522796631
0 0.22071611881256104 0.47992715835571287 0.07710208892822265 0.10718936920166015
0 0.053106117463632654 0.2497574330734732 0.10645146369934082 0.12962074279785177
0 0.9652471542358398 0.9165768623352051 0.06747646331787109 0.1238433837890625
0 0.2661588191986084 0.44080023765563964 0.07549962997436524 0.09635953903198242
0 0.3463709354400635 0.2905858516693115 0.08290433883666992 0.1205533504486084
0 0.2753668212483072 0.4301336599890661 0.07864007949829102 0.17324898242950404
0 0.040830423096362846 0.3797317100386334 0.08186948001384735 0.11029703617095947
0 0.9502080917358399 0.9563851356506348 0.07907371520996094 0.08463134765625
0 0.6065877914428711 0.20642378330230712 0.04625005722045898 0.08963074684143066
0 0.09401709401709397 0.5783475783475783 0.09021842355175691 0.11158594491927828
0 0.2732668566001899 0.36585944919278246 0.04985754985754993 0.0997150997150997
0 0.29760208926875586 0.36467236467236464 0.0629154795821462 0.13057929724596387
0 0.06730769230769229 0.2269705603038936 0.07241215574548905 0.11158594491927827
0 0.06315289648622982 0.19907407407407407 0.07122507122507127 0.12939221272554607
0 0.021604938271604895 0.2026353276353276 0.03561253561253555 0.10802469135802469
