0 0.8806868553161621 0.8313835859298706 0.07718505859375 0.10147156715393066
0 0.6305784225463867 0.23101916909217834 0.061822509765625 0.10224961042404175
0 0.4865229606628418 0.2528668403625488 0.06787595748901368 0.1025550365447998
0 0.15776996612548827 0.56167573928833 0.08412818908691407 0.1153040885925293
0 0.7864484548568725 0.7764256715774536 0.06065335273742676 0.11334643363952637
0 0.7442842960357666 0.8470865488052368 0.08722038269042968 0.09746127128601074
0 0.9863225079216734 0.22067363776146287 0.027725737590735537 0.09331559247327548
0 0.49452881813049315 0.19831990599632263 0.0689356803894043 0.08458863496780396
0 0.1820552082765929 0.3920108533313132 0.08579269647598267 0.0924088716506958
0 0.15709563100892707 0.4215762106668122 0.0896876335144043 0.1135304450988769
0 0.21837084293365477 0.24791054725646972 0.08209433555603027 0.09933757781982422
0 0.1662422894752263 0.3308151452516445 0.07862358093261719 0.08314595222473145
0 0.21934051513671876 0.2967813491821289 0.0870588779449463 0.0979616641998291
0 0.022274710358264668 0.2569099841068047 0.04606888890266418 0.09163923263549804
0 0.024572649572649527 0.19076448243114907 0.048670465337131985 0.09852801519468184
0 0.9647435897435895 0.2133190883190883 0.04154795821462472 0.12701804368471034
0 0.10826210826210825 0.42877492877492873 0.08784425451092112 0.12345679012345682
0 0.2020417853751187 0.3195631528964862 0.054605887939221304 0.10208926875593544
