0 0.5645405292510987 0.22805423736572267 0.0477656364440918 0.10217924118041992
0 0.6501586437225342 0.7867930889129638 0.09188642501831054 0.10656099319458008
0 0.420758581161499 0.24915575981140137 0.07059783935546875 0.10664300918579102
0 0.6941532135009766 0.7411446332931518 0.08700599670410156 0.13605046272277832
0 0.952778434753418 0.23356983065605164 0.03858928680419922 0.09227100610733033
0 0.11743014968245341 0.3777951241218806 0.0749122142791748 0.09941534996032715
0 0.9236379623413086 0.2117772340774536 0.036914634704589847 0.09126601219177247
0 0.9818991661071778 0.1653022825717926 0.034227752685546876 0.090617835521698
0 0.7638272285461426 0.8065608263015747 0.07174119949340821 0.10551352500915527
0 0.42410454750061033 0.20602767467498778 0.05930032730102539 0.10671534538269042
0 0.1725908935070038 0.287401819229126 0.09248167276382446 0.10840530395507812
0 0.09106812318618933 0.402924249212966 0.08769843578338624 0.11168010234832763
0 0.1278911359742609 0.3283207417213679 0.09052929878234864 0.1009129524230957
0 0.13911656141281128 0.2290264129638672 0.053682351112365724 0.08839936256408691
0 0.09096950590610504 0.5498170852661133 0.10408746600151061 0.10956010818481446
0 0.05864491779693276 0.42142709100801157 0.09643030166625977 0.10861244201660156
0 0.15990028490028488 0.3094729344729344 0.06291547958214631 0.11039886039886039
0 0.9879629629629629 0.9477801519468186 0.022222222222222223 0.10258784425451095
