0 0.9051276206970215 0.23674538135528564 0.04381427764892578 0.09514923095703125
0 0.5133753299713135 0.23432323932647706 0.053663444519042966 0.10076203346252441
0 0.3532412052154541 0.25843775272369385 0.07169208526611329 0.0974541187286377
0 0.052096895076836874 0.3620095522428624 0.0864824891090393 0.11446914672851567
0 0.917447280883789 0.9415009498596192 0.06780052185058594 0.11281509399414062
0 0.8593147277832032 0.9636408805847168 0.055548667907714844 0.07271823883056641
0 0.5962256908416748 0.6976480960845948 0.08309173583984375 0.1372518539428711
0 0.3537145614624023 0.19501848220825196 0.05536561012268067 0.07935242652893067
0 0.9455166816711426 0.8176358938217163 0.07159652709960937 0.09741806983947754
0 0.09045762493286605 0.3452991110420408 0.07597697826079379 0.13608743793491165
0 0.15302696551805658 0.27066682976761663 0.0710172176361084 0.10296611785888672
0 0.9218049049377441 0.1635844349861145 0.03223419189453125 0.06826484203338623
0 0.8765723228454589 0.2195107877254486 0.03169097900390625 0.08026038408279419
0 0.6483451843261718 0.7893656730651856 0.07722539901733398 0.11307525634765625
0 0.9346446037292481 0.8741647720336914 0.07618732452392578 0.1517690658569336
0 0.5571796417236328 0.7337732315063477 0.07812185287475586 0.11788263320922851
0 0.8938145637512207 0.9549878120422364 0.08905220031738281 0.08915252685546875
0 0.036493295431137086 0.526164960861206 0.07298659086227417 0.08931608200073242
0 0.07383665716999048 0.22518993352326683 0.07834757834757837 0.1222697056030389
0 0.11419753086419751 0.2845441595441595 0.06885090218423552 0.07241215574548905
0 0.08214624881291543 0.3195631528964862 0.06410256410256415 0.10446343779677113
0 0.03098290598290595 0.39941832858499526 0.0619658119658119 0.08957739791073123
