0 0.4133848786354065 0.23306651115417482 0.05389449596405029 0.10013785362243652
0 0.23301742710845313 0.2719104135987426 0.09111127853393555 0.13904777765274048
0 0.9758118575115149 0.8759692111472686 0.04912300109863281 0.1111612319946288
0 0.45246334075927735 0.7113187789916993 0.07210197448730468 0.12503461837768554
0 0.8135446373440488 0.753712078603471 0.053723382949829104 0.1454371452331543
0 0.7387482643127441 0.8998892784118653 0.07492618560791016 0.11589374542236328
0 0.8273857911880651 0.25764917186748837 0.06370735168457031 0.11950420141220093
0 0.7662473201751709 0.874454402923584 0.06404438018798828 0.13533058166503906
0 0.4359589099884033 0.6363336086273194 0.07566118240356445 0.09334306716918946
0 0.8156876262889402 0.8356574058532715 0.06551103591918946 0.17204113006591798
0 0.8156604766845703 0.16795971989631653 0.046208953857421874 0.07323187589645386
0 0.8062678062678061 0.22281576448243112 0.030864197530864126 0.11039886039886039
0 0.4899097815764482 0.6068376068376069 0.0724121557454891 0.12345679012345682
0 0.07383665716999044 0.2287511870845204 0.06885090218423552 0.105650522317189
0 0.05365622032288697 0.2661443494776828 0.07359924026590695 0.10208926875593544
0 0.037630579297245934 0.2768281101614435 0.06766381766381763 0.09734093067426398
0 0.016619183285849933 0.3018993352326686 0.033475783475783456 0.10655270655270652
0 0.26080246913580246 0.22103513770180433 0.07953466286799621 0.09971509971509973
