0 0.24941596984863282 0.46749081611633303 0.08990364074707032 0.11874170303344726
0 0.3565800547599792 0.5428325653076171 0.09248669147491455 0.12063789367675781
0 0.9446552769297775 0.23623194422250915 0.05712337493896484 0.09446069002151489
0 0.30788753032684324 0.2527016162872314 0.07351646423339844 0.091717529296875
0 0.6986171245574951 0.18137344121932983 0.05893440246582031 0.0937420129776001
0 0.8442037121409591 0.8377201080322265 0.07255783081054687 0.10300273895263672
0 0.3067080242794577 0.6392310986604898 0.09769968986511231 0.15656471252441406
0 0.6827650610424739 0.7657336855885649 0.0783421516418457 0.16845579147338868
0 0.0161962607215669 0.2184875801474507 0.03364372402429581 0.09073609113693237
0 0.1358852965992513 0.2803006543223335 0.0694502592086792 0.11844722032546998
0 0.7451261043548584 0.25392029285430906 0.04951896667480469 0.09495778083801269
0 0.6129049301147461 0.8382760047912597 0.06458425521850586 0.1147500991821289
0 0.6409136772155761 0.7996156692504883 0.07633352279663086 0.13341522216796875
0 0.15040360873694203 0.22993827160493824 0.07716049382716042 0.13414055080721746
0 0.7326685660018992 0.2334995251661918 0.0356125356125355 0.09615384615384617
0 0.9451566951566951 0.18601614434947764 0.04273504273504277 0.11514719848053179
0 0.7029914529914528 0.6982431149097815 0.0546058879392212 0.1329534662867997
0 0.32490503323836656 0.5753798670465338 0.08665716999050338 0.1175213675213675
