0 0.7668030977249145 0.8001272201538085 0.07071185111999512 0.1070943832397461
0 0.630864953994751 0.18316033482551575 0.054264259338378903 0.09919518232345581
0 0.36167432069778443 0.4414451241493225 0.08908698558807374 0.11176803112030029
0 0.0821148279173422 0.280589863604177 0.08441165387630463 0.13371729850769043
0 0.28974337577819825 0.49967455863952637 0.08763079643249512 0.10941362380981445
0 0.6198005755515971 0.7309823403444499 0.0854104995727539 0.15423736572265626
0 0.6927395820617676 0.26872145977907824 0.0652205467224121 0.11391282081604004
0 0.8880643844604492 0.9666616439819335 0.05819263458251953 0.0636434555053711
0 0.22135935735951573 0.5900041660805146 0.09271997213363647 0.14940357208251953
0 0.23679823875427247 0.2535326719284058 0.06016597747802734 0.09718399047851563
0 0.8931984774633918 0.22299015522003174 0.05810604095458984 0.09730620384216308
0 0.581874942779541 0.7592820882797241 0.08907661437988282 0.1268669605255127
0 0.8859457969665527 0.1694692611694336 0.04003162384033203 0.06758880615234375
0 0.5498051166534423 0.781483268737793 0.09339723587036133 0.14537830352783204
0 0.2596153846153846 0.5362060778727445 0.07478632478632484 0.1198955365622032
0 0.09164292497625828 0.21509971509971507 0.09021842355175691 0.13295346628679966
0 0.670346628679962 0.23587369420702753 0.048670465337131985 0.11514719848053181
0 0.6424501424501423 0.6673789173789173 0.07597340930674258 0.12583095916429252
