0 0.5722666263580323 0.3894167423248291 0.07914018630981445 0.10792970657348633
0 0.1700097918510437 0.42793861627578733 0.08104507923126221 0.12061259746551514
0 0.61846022605896 0.7184601783752441 0.06437473297119141 0.11205329895019531
0 0.7651960865611251 0.2408140676540074 0.04481525421142578 0.14083313941955566
0 0.5026307106018066 0.2037803888320923 0.06052188873291016 0.09772019386291504
0 0.07277141213417053 0.5016943931579589 0.08167320489883423 0.11273260116577148
0 0.5953296661376953 0.2595874309539795 0.05808734893798828 0.1025428295135498
0 0.4084346294403076 0.7379384517669678 0.07838163375854493 0.10489101409912109
0 0.12443184852600098 0.4703314781188965 0.09266414642333984 0.10226125717163086
0 0.11612516641616821 0.2435001850128174 0.07328813076019287 0.0974271297454834
0 0.6856189445892291 0.9537480345252344 0.11071842611119025 0.09315608804382113
0 0.45511646270751954 0.6744246482849121 0.08440475463867188 0.12274761199951172
0 0.48623541259584485 0.6311355411949774 0.09117927723347524 0.12471847126626565
0 0.5747863247863246 0.21747388414055077 0.06172839506172847 0.11396011396011392
0 0.767094017094017 0.17473884140550802 0.045109211775878455 0.0949667616334283
0 0.5356125356125355 0.6056505223171891 0.09496676163342828 0.12583095916429252
0 0.7130816714150046 0.9000474833808166 0.06528964862298199 0.13057929724596387
