0 0.18668476939201356 0.29101948738098143 0.08119426965713501 0.10438666343688965
0 0.5279266357421875 0.7411304950714112 0.08423576354980469 0.13417768478393555
0 0.6095814228057861 0.9280603408813477 0.0716628074645996 0.12259654998779297
0 0.8506811141967774 0.32062525749206544 0.06049423217773438 0.11269950866699219
0 0.9484388192947546 0.7468060587206458 0.07076683044433593 0.1436295509338379
0 0.7271021842956543 0.9316572189331055 0.08425235748291016 0.10745792388916016
0 0.42061816453933715 0.619943904876709 0.07387311458587646 0.1182525634765625
0 0.46830015182495116 0.7916004896163941 0.08338422775268554 0.10923333168029785
0 0.5844419956207275 0.22835285663604737 0.06153182983398438 0.10275201797485352
0 0.305881689258224 0.5480358331178555 0.09019784927368164 0.132759952545166
0 0.7504284858703614 0.8787017822265625 0.07760791778564453 0.12435340881347656
0 0.26797913751031593 0.5803299999644613 0.06992966420064059 0.1369183095205657
0 0.5829419136047364 0.18413519263267517 0.056641769409179685 0.0997353196144104
0 0.41941160122100674 0.26697565248096317 0.06023905277252197 0.11867060661315917
0 0.2368897040458599 0.6018478266760382 0.103887939453125 0.1208083152770996
0 0.03393899130600478 0.3429000621620859 0.06797196990460974 0.12426635240897149
0 0.08836617171764374 0.6680350303649902 0.10040541291236878 0.12476272583007812
0 0.2880291223526001 0.2249140501022339 0.05616693496704102 0.10679230690002442
0 0.7666470735048184 0.7961759614808608 0.06169052124023437 0.11510705947875977
0 0.40740740740740733 0.22815764482431147 0.06647673314339984 0.0997150997150997
0 0.9249762583095915 0.8092355175688509 0.06647673314339984 0.1175213675213675
0 0.3569563152896486 0.5154320987654321 0.07241215574548905 0.11396011396011398
0 0.02445394112060776 0.4120963912630579 0.04890788224121552 0.09271130104463433
