0 0.43776947259902954 0.6267516136169433 0.092551589012146 0.11083192825317383
0 0.3565469741821289 0.6971846580505371 0.08729095458984375 0.10613527297973632
0 0.46266107717696986 0.2448051708263097 0.06566543579101562 0.1346991539001465
0 0.3589142735980289 0.2870543845811574 0.0663374423980713 0.1148137092590332
0 0.2976814270019531 0.5520022869110107 0.08184895515441895 0.10815038681030273
0 0.7824577951023722 0.6844106849895017 0.06506881713867188 0.15482301712036134
0 0.20963101387023925 0.7437504768371582 0.12469029426574707 0.10753297805786133
0 0.5871092875572126 0.8348808352650627 0.09182138442993164 0.16190342903137206
0 0.49272403717041013 0.8047557830810547 0.08780422210693359 0.10997200012207031
0 0.25600509643554686 0.46356319189071654 0.0816035270690918 0.14178745746612548
0 0.17869893856990482 0.51076476105258 0.08613333702087403 0.14729061126708984
0 0.12006058203868385 0.5265393162045383 0.08884568214416504 0.1285501480102539
0 0.5964532852172851 0.7175671100616455 0.07496185302734375 0.08966588973999023
0 0.5979424476623535 0.7707483530044555 0.08185844421386719 0.13005633354187013
0 0.029653380430548545 0.309274771048246 0.060968679189682004 0.11824312210083018
0 0.15679872035980225 0.22968335151672364 0.06754512786865234 0.09520149230957031
0 0.29760208926875586 0.20797720797720795 0.05341880341880346 0.06410256410256407
0 0.30709876543209874 0.2613960113960114 0.043922127255460505 0.09971509971509973
0 0.4620132953466286 0.19076448243114907 0.054605887939221144 0.11514719848053181
0 0.8021130104463435 0.6276115859449192 0.03917378917378924 0.12701804368471034
0 0.21984805318138648 0.4780389363722697 0.08309591642924985 0.1436372269705603
0 0.041666666666666644 0.567889363722697 0.08333333333333329 0.09688983855650522
0 0.026234567901234577 0.4999643874643875 0.052469135802469154 0.04992877492877491
0 0.02029914529914531 0.6247150997150996 0.04059829059829062 0.056837606837606816
