0 0.3901618242263794 0.584173583984375 0.08838276863098145 0.1124953269958496
0 0.7064796272053225 0.6365903012999329 0.07287511825561524 0.14870567321777345
0 0.30590481758117677 0.660917854309082 0.07101249694824219 0.13160114288330077
0 0.5171737670898438 0.7778039455413819 0.07854290008544922 0.11969709396362305
0 0.10008828639984131 0.2918447256088257 0.07783341407775879 0.10728106498718262
0 0.4472202777862549 0.2666826963424683 0.06354131698608398 0.106846284866333
0 0.24647178649902343 0.5219348907470703 0.07684593200683594 0.11321239471435547
0 0.2532834529876709 0.7818105697631836 0.08725309371948242 0.10949993133544922
0 0.2494668960571289 0.26600874910327443 0.0652811050415039 0.10366606712341309
0 0.39743316173553467 0.23951092413914055 0.059582185745239255 0.1162452220916748
0 0.07833491563796997 0.5961577415466308 0.10396366119384766 0.12752599716186525
0 0.20838844180107116 0.42954317331314085 0.08877788782119751 0.12075212001800537
0 0.42379394363247547 0.7552178444459342 0.07881287246914215 0.13533829021544427
0 0.5531561851501465 0.7251721858978272 0.0921142578125 0.14837884902954102
0 0.08717212677001954 0.21754451394081115 0.0754608154296875 0.09547475576400757
0 0.6938529968261719 0.9808169364929199 0.06271381378173828 0.03836612701416016
0 0.2360013544559479 0.477546489238739 0.08101319074630738 0.16711924076080323
0 0.03678673337101372 0.4538624141290996 0.0742113471031189 0.11619005203247092
0 0.1661265969276428 0.44400691986083984 0.08541500568389893 0.13686676025390626
0 0.09299273344582876 0.49667661196825513 0.10677643418312073 0.10810203552246088
0 0.5324666023254394 0.6860801696777343 0.0695840835571289 0.12136201858520508
0 0.03520498275756836 0.6428455829620361 0.07040996551513672 0.11877031326293945
0 0.7433523266856599 0.6009021842355174 0.06172839506172825 0.15432098765432095
0 0.24833808167141497 0.22518993352326683 0.04985754985754993 0.1009021842355176
0 0.4038461538461538 0.1978869895536562 0.06885090218423552 0.09140550807217472
0 0.142687559354226 0.46498100664767333 0.06647673314339973 0.12939221272554616
0 0.025641025641025654 0.5538342830009496 0.05128205128205131 0.07989078822412155
