0 0.0693922758102417 0.6971295961740462 0.09075875282287597 0.12353925704956055
0 0.5275147914886474 0.24873707294464112 0.04912347793579101 0.11094527244567871
0 0.6417668119341787 0.5889136284052023 0.06972408294677734 0.13583145141601563
0 0.5932615756988525 0.9459818840026856 0.07162866592407227 0.10427093505859375
0 0.3240314483642578 0.5577212333679199 0.08252778053283691 0.12792081832885743
0 0.1786891281604767 0.29033193588256834 0.08134511709213257 0.11552610397338867
0 0.2706747055053711 0.5999836921691895 0.08590931892395019 0.10989809036254883
0 0.33057427241025594 0.2427678569882457 0.07991948127746581 0.12507562637329098
0 0.4478462949664052 0.7543416946588646 0.09350557327270508 0.15951900482177733
0 0.04302746057510376 0.21462206840515136 0.08605492115020752 0.10346951484680175
0 0.9305469512939453 0.9062503814697266 0.08981761932373047 0.12497406005859375
0 0.9719681739807129 0.8577484130859375 0.05341281890869141 0.09959201812744141
0 0.37751288414001466 0.7100530147552491 0.07665987014770508 0.12830419540405275
0 0.18339588876463409 0.24984492742211506 0.07088077068328857 0.09935592412948611
0 0.12121882438659667 0.623075294494629 0.11414656639099122 0.10875263214111328
0 0.3249093532562256 0.7932440280914307 0.08548741340637207 0.06951189041137695
0 0.16975607872009277 0.41630969047546384 0.11132974624633789 0.1427462577819824
0 0.06794215824104781 0.5879898342085474 0.09626905620098114 0.14264307022094727
0 0.4843480587005615 0.633638334274292 0.06705312728881836 0.11664657592773438
0 0.0724097728729248 0.46317081451416015 0.12347571849822998 0.1271678924560547
0 0.07629935011225213 0.4408525412465318 0.07332375049591064 0.12184984683990446
0 0.0768043684710351 0.532051282051282 0.0629154795821462 0.09971509971509965
0 0.11716524216524211 0.41452991452991444 0.08903133903133906 0.10921177587844255
0 0.19966761633428298 0.48575498575498577 0.06410256410256404 0.11396011396011403
0 0.4780389363722696 0.6982431149097815 0.08665716999050312 0.11870845204178535
0 0.6733143399810065 0.5362060778727445 0.07597340930674279 0.1365147198480532
0 0.35042735042735035 0.21213200379867045 0.08784425451092122 0.13176638176638175
0 0.19432573599240266 0.23528015194681856 0.09140550807217475 0.1020892687559354
