0 0.6860867977142334 0.20412712693214416 0.05634021759033203 0.10286377668380738
0 0.338044548034668 0.2751270294189453 0.06567187309265136 0.10886330604553222
0 0.4568970203399658 0.7835557699203491 0.08062305450439453 0.0914379596710205
0 0.5224323001908668 0.48486116814364283 0.06710052490234375 0.13061797618865967
0 0.37577411329191523 0.618302455043521 0.09450149536132812 0.149237060546875
0 0.2156960189342499 0.7258396148681641 0.10659443140029908 0.1348708152770996
0 0.33720654225417346 0.6712402775077059 0.0762991662039036 0.11456032709518388
0 0.46837763786315917 0.9037693023681641 0.08522930145263671 0.1011392593383789
0 0.7904117345809937 0.7693830013275147 0.06007122993469238 0.12323541641235351
0 0.23295941352844238 0.4910441875457764 0.10008010864257813 0.1162480354309082
0 0.07053422854694996 0.2607433816929262 0.07934990227222442 0.10609065294265747
0 0.21001576736555255 0.2511963669957145 0.0733719825744629 0.11472859382629394
0 0.18548179148269178 0.6388087003206143 0.0977095603942871 0.1395594596862793
0 0.19531142711639404 0.753367257118225 0.0941126823425293 0.11336741447448731
0 0.017519345712571178 0.4088867789093698 0.036661213608095926 0.1311638712090531
0 0.763012957572937 0.7948189735412597 0.08458523750305176 0.1448638916015625
0 0.19028409719467163 0.505881929397583 0.08132736682891846 0.10719833374023438
0 0.13032571283104516 0.42950647332389796 0.08645208810808983 0.12017154113972389
0 0.032990994523053825 0.6183672508736056 0.06697914004325867 0.11346559524536133
0 0.9625795842122714 0.024389086762781034 0.0031409265422186966 0.013425055344333432
0 0.28556227684020996 0.6136795997619628 0.08336362838745118 0.08467664718627929
0 0.38129154795821457 0.5516381766381766 0.09971509971509965 0.11277302943969603
0 0.18660968660968663 0.5931861348528015 0.10446343779677113 0.11277302943969614
0 0.031101614434947716 0.5278964862298196 0.06172839506172836 0.09615384615384623
0 0.09104938271604937 0.48456790123456783 0.07953466286799611 0.08547008547008549
0 0.22756410256410256 0.2050094966761633 0.08903133903133906 0.09615384615384617
0 0.0809591642924976 0.22518993352326683 0.06410256410256415 0.09852801519468184
0 0.03881766381766377 0.37654320987654316 0.04392212725546056 0.12108262108262104
0 0.08036562203228867 0.3468660968660968 0.07478632478632474 0.09021842355175691
0 0.549264007597341 0.44895536562203225 0.05104463437796767 0.10208926875593544
