0 0.4104139685630798 0.24984173774719237 0.06166908740997314 0.10480198860168458
0 0.40261020660400393 0.7152743816375733 0.09331941604614258 0.11328611373901368
0 0.7581701755523682 0.18110206127166747 0.04967231750488281 0.09566497802734375
0 0.4534942451252445 0.4569084804169019 0.08125753402709966 0.14615373611450175
0 0.25657904148101807 0.7811866998672485 0.08703384399414063 0.12262835502624511
0 0.540511178970337 0.954776382446289 0.07920961380004883 0.09044723510742188
0 0.13704058800214605 0.24435891636416446 0.07134644985198975 0.12208762168884277
0 0.6949283599853515 0.7128769397735596 0.0663783073425293 0.11237678527832032
0 0.2948948860168457 0.7321662425994873 0.06502652168273926 0.10028057098388672
0 0.9694870948791504 0.7320440800894134 0.05956745147705078 0.10422496795654297
0 0.07043536022404548 0.40881300068761994 0.10805970430374146 0.16170632839202864
0 0.22663857619873365 0.6567501831598092 0.06967368125915527 0.10796871185302734
0 0.03544239680878002 0.2633607886059445 0.06613645553588868 0.09854451417922974
0 0.310570502281189 0.6051068782806397 0.10080466270446778 0.13299379348754883
0 0.9833417892456054 0.21601758003234864 0.032573699951171875 0.10011453628540039
0 0.6619134902954101 0.7526394128799438 0.06789789199829102 0.12379870414733887
0 0.04879361934471673 0.6173225133394131 0.09858438968658448 0.11535158157348632
0 0.17447873044897005 0.447898971796715 0.08969820163868097 0.14508569288117937
0 0.3234755039215088 0.5388465404510498 0.08910818099975586 0.1329488754272461
0 0.045586615800857544 0.5316668510437011 0.07520837783813476 0.09984283447265625
0 0.24177985191345214 0.5531342506408692 0.07431235313415527 0.07516155242919922
0 0.2981956315289648 0.6169278252611586 0.08547008547008543 0.10802469135802466
0 0.20975783475783472 0.6169278252611586 0.053418803418803354 0.1009021842355176
0 0.1272554605887939 0.5421415004748339 0.07359924026590689 0.1175213675213675
0 0.1207264957264957 0.48634852801519457 0.0819088319088319 0.12464387464387466
0 0.4922839506172839 0.4240265906932573 0.0724121557454891 0.13295346628679963
0 0.1581196581196581 0.21153846153846154 0.06885090218423552 0.10683760683760683
0 0.04297245963912628 0.20738366571699904 0.080721747388414 0.09852801519468184
0 0.026234567901234577 0.3360042735042735 0.052469135802469154 0.10719373219373214
