0 0.5243488788604737 0.5124573230743408 0.06904382705688476 0.10858964920043945
0 0.8455769538879394 0.2101189136505127 0.06414299011230469 0.09729795455932617
0 0.5839917182922363 0.2495494604110718 0.06438322067260742 0.1042220115661621
0 0.8531106948852539 0.8049170494079589 0.08057975769042969 0.13632450103759766
0 0.7569014549255371 0.16973025798797609 0.05660848617553711 0.09721565246582031
0 0.5668708801269531 0.8453597068786621 0.060416221618652344 0.1064950942993164
0 0.6793523501806449 0.2505333920772712 0.053567695617675784 0.11971145868301392
0 0.16226916261661195 0.29337523307329344 0.09477580785751342 0.12530713081359862
0 0.2992091050741227 0.5421020159128158 0.1018977165222168 0.14206438064575194
0 0.7228221877461258 0.8067364375022968 0.07393569946289062 0.1107865810394287
0 0.2969734827224572 0.7166875712439092 0.10194573402404786 0.12983007431030275
0 0.6310074662211275 0.9404397615793197 0.08491744995117187 0.11926765441894531
0 0.3093244552612305 0.638848066329956 0.09512286186218262 0.11492462158203125
0 0.04283392866905371 0.5722308907866592 0.08329368829727173 0.14207468032836915
0 0.06745051670278233 0.39213574077555485 0.0673781688736374 0.15637429242799766
0 0.593850040435791 0.8022111177444458 0.056270599365234375 0.10849013328552246
0 0.20911059379577637 0.7354948997497559 0.08745970726013183 0.10708408355712891
0 0.9895559310913086 0.21118375658988953 0.020888137817382812 0.08706246614456177
0 0.3438983855650522 0.507716049382716 0.0819088319088319 0.1293922127255461
0 0.6804368471035137 0.9320987654320987 0.05698005698005709 0.1258309591642924
0 0.6958689458689458 0.23587369420702753 0.05223171889838551 0.10327635327635329
0 0.8893637226970559 0.09045584045584044 0.045109211775878455 0.09734093067426401
0 0.9172602089268754 0.07977207977207976 0.034425451092117657 0.11633428300094967
0 0.058404558404558396 0.4364909781576448 0.10683760683760686 0.12226970560303899
0 0.02089268755935423 0.47397910731244064 0.04178537511870846 0.09240265906932577
0 0.20560303893637227 0.2768281101614435 0.07359924026590689 0.1305792972459639
