0 0.3648004412651062 0.7672012567520141 0.09818136692047119 0.12322478294372559
0 0.45363407135009765 0.47815093994140623 0.08562231063842773 0.09806022644042969
0 0.4943261623382568 0.2523146390914917 0.05615653991699219 0.11341319084167481
0 0.23668593871287807 0.5103468530424866 0.10352368354797363 0.15212593078613282
0 0.7664953708648682 0.2177835464477539 0.040502071380615234 0.10044445991516113
0 0.7026741027832031 0.8335236787796021 0.08637580871582032 0.10114054679870606
0 0.6579883575439454 0.888359546661377 0.07318239212036133 0.1025930404663086
0 0.9633524894714356 0.2283724546432495 0.03884201049804688 0.0896496295928955
0 0.3821835517883301 0.6552515506744385 0.08117818832397461 0.09988470077514648
0 0.8164755582809449 0.1561827003955841 0.03862652778625488 0.09778932332992554
0 0.7699294090270996 0.7197114944458007 0.07065105438232422 0.11338491439819336
0 0.26587202548980715 0.7563182353973389 0.08749270439147949 0.10737409591674804
0 0.6013841310684046 0.2581612460180791 0.05120649337768555 0.11262879371643067
0 0.8928939819335937 0.9039000511169434 0.07405452728271485 0.11339359283447266
0 0.04054928366218651 0.37545112915980966 0.07758479714393615 0.14206380844116212
0 0.7730019030521172 0.9050921979000315 0.09133195877075195 0.10859317779541036
0 0.8823414802551269 0.08076208382844925 0.025017738342285156 0.0743285745382309
0 0.8604175567626953 0.10664006173610688 0.04231548309326172 0.09447968602180482
0 0.28335707502374163 0.4596391263057929 0.08428300094966759 0.1353276353276353
0 0.17592592592592593 0.3254985754985755 0.06172839506172836 0.0997150997150997
0 0.12666191832858498 0.26495726495726496 0.048670465337131985 0.11396011396011398
0 0.15811965811965806 0.24299620132953464 0.08309591642924974 0.11989553656220321
0 0.04178537511870841 0.4358974358974359 0.08072174738841406 0.11396011396011409
0 0.6893399810066475 0.9599952516619183 0.07953466286799611 0.0652896486229819
0 0.629392212725546 0.23706077872744535 0.06410256410256415 0.11514719848053181
