0 0.12185122084866672 0.4575782641499583 0.11225180625915528 0.14353168010711653
0 0.30427279472351076 0.4406092166900635 0.0915750503540039 0.10728282928466797
0 0.873689842224121 0.6330271244049073 0.06606979370117187 0.11826696395874023
0 0.325577449798584 0.24624853134155272 0.07528486251831054 0.11132287979125977
0 0.6061979293823242 0.2304978370666504 0.060381603240966794 0.09214701652526855
0 0.7830644607543945 0.14626622200012207 0.04209327697753906 0.08684821128845215
0 0.5088937759399415 0.7634136199951171 0.06889553070068359 0.11155166625976562
0 0.512352466583252 0.863707160949707 0.07185888290405273 0.12203617095947265
0 0.4502190113067627 0.259765625 0.04165573120117187 0.10931944847106934
0 0.9148344993591309 0.2507941246032715 0.05041980743408203 0.10052967071533203
0 0.8938616259938065 0.09849123415614124 0.031438446044921874 0.09511693120002743
0 0.9383442878723145 0.5892013072967529 0.0711965560913086 0.1438018798828125
0 0.5554332266279548 0.32667100963882345 0.10043459137846816 0.10686690759794656
0 0.8894122123718262 0.9697284698486328 0.07503986358642578 0.06024856567382812
0 0.839386248588562 0.9389408111572266 0.07916855812072754 0.11220149993896485
0 0.8645941734313964 0.8953062057495117 0.07325897216796876 0.13158950805664063
0 0.5755772590637207 0.632951307296753 0.08421669006347657 0.12556791305541992
0 0.9849787712097168 0.2463522434234619 0.030042457580566406 0.0948110580444336
0 0.4726010290872224 0.23908202482877405 0.0670506477355957 0.11201348304748535
0 0.3455634832382202 0.8141263008117676 0.07480297088623047 0.09858341217041015
0 0.020859589008128013 0.22793984827492653 0.04213647250606124 0.11589868990217984
0 0.8249630928039551 0.12485239505767823 0.030861473083496092 0.07729287147521972
0 0.9238694190979004 0.0405202716588974 0.026279258728027343 0.07545419335365296
0 0.9344729344729343 0.540954415954416 0.04748338081671414 0.11514719848053181
0 0.04594017094017091 0.21213200379867042 0.07003798670465336 0.11039886039886039
0 0.1450617283950617 0.42224596391263053 0.09971509971509976 0.12464387464387472
0 0.9845797720797721 0.16193019943019943 0.028988603988604054 0.10021367521367522
