0 0.05825413885222988 0.43320772733896656 0.0881450936155782 0.15970040477125946
0 0.22220113277435302 0.4340865135192871 0.0847102165222168 0.10750455856323242
0 0.7973913192749024 0.5948282718658447 0.07273502349853515 0.11794099807739258
0 0.48315997123718263 0.5892496585845948 0.07356538772583007 0.11602983474731446
0 0.5186014175415039 0.23727893829345703 0.054798316955566403 0.09674978256225586
0 0.9830412864685059 0.2637402772903442 0.03354568481445312 0.10537824630737305
0 0.8675551414489746 0.250124192237854 0.038873291015625 0.10150732994079589
0 0.6067454791816209 0.9112227327124003 0.10427918248479975 0.15292979590913122
0 0.35729526667400197 0.27010927365602816 0.0682373046875 0.11930394172668457
0 0.9305596844309981 0.2624266592752107 0.047515487670898436 0.10201921463012695
0 0.912430025664037 0.9408395709701639 0.079132080078125 0.11979284286499002
0 0.7797991752624511 0.14114704132080078 0.04774665832519531 0.0889242172241211
0 0.2563187122344971 0.23715591430664062 0.07774214744567871 0.09492759704589844
0 0.7135029808634933 0.313779354095459 0.07972431182861328 0.08193964958190918
0 0.9790583610534668 0.9851173400878906 0.04188327789306641 0.02976531982421875
0 0.861813735961914 0.57315673828125 0.05486583709716797 0.12185783386230468
0 0.7527379067648283 0.14507253468036652 0.06263322830200195 0.10531167387962341
0 0.8573470115661621 0.5132043361663818 0.04512100219726563 0.12274103164672852
0 0.39572542905807495 0.8436118713697703 0.07903683185577393 0.09644603729248047
0 0.018386971205472946 0.22801889777183532 0.03644892126321793 0.05823780298233032
0 0.8822412155745488 0.08630104463437796 0.04036087369420708 0.10802469135802469
0 0.9196343779677112 0.07027540360873694 0.039173789173789025 0.10683760683760683
0 0.10470085470085466 0.4068138651471984 0.08784425451092122 0.12939221272554605
0 0.9594017094017094 0.9089506172839504 0.06410256410256415 0.10802469135802445
0 0.5860636277302943 0.8145773979107314 0.06766381766381768 0.12583095916429252
0 0.3985042735042735 0.25902184235517567 0.058167141500474834 0.12345679012345677
0 0.9522792022792022 0.23706077872744535 0.03561253561253571 0.11277302943969611
0 0.9487179487179487 0.19729344729344725 0.049857549857549824 0.08547008547008543
0 0.9350664767331432 0.18067426400759728 0.05579297245963904 0.10683760683760683
