0 0.41126384735107424 0.5424396514892578 0.10722846984863281 0.1183964729309082
0 0.16221370697021484 0.4200750946998596 0.11016335487365722 0.10850894451141357
0 0.7115314483642579 0.5594077110290527 0.06161632537841797 0.12858810424804687
0 0.9436075210571289 0.2677938222885132 0.03766288757324219 0.10268359184265137
0 0.8076439142227173 0.24712184071540833 0.04459338188171387 0.09431804418563842
0 0.4451805591583252 0.24413760304450988 0.07493257522583008 0.09666107892990113
0 0.3244203138215589 0.23184280864193915 0.08426642417907715 0.11262469291687018
0 0.021486229819563125 0.4218538422416984 0.04297245963912625 0.11592990670561908
0 0.29190626936873587 0.26493312837051874 0.05437688827514649 0.11209135055541992
0 0.7772913249243131 0.5380702592029191 0.056751585006713866 0.16496267318725585
0 0.19453014731407164 0.22276687622070312 0.07729226350784302 0.09369559288024902
0 0.9806528091430664 0.6135034084320068 0.03756256103515625 0.08788738250732422
0 0.709421896866584 0.14145053606144267 0.04450368881225586 0.1040442168712616
0 0.6783838748931885 0.8637653350830078 0.07826032638549804 0.10769882202148437
0 0.8789170360293482 0.23885936909138528 0.038992118835449216 0.09210658073425282
0 0.9440706253051758 0.03373086154460907 0.032566070556640625 0.06746172308921813
0 0.8704897880554199 0.28112738132476806 0.055024909973144534 0.1160499095916748
0 0.45639738878067176 0.8580607270243501 0.07185754776000977 0.11713027954101562
0 0.6948367118835449 0.9306206703186035 0.07807989120483398 0.1337738037109375
0 0.06002230644226074 0.5474240239642397 0.12004461288452148 0.10367460250854492
0 0.8497232437133789 0.10154923498630523 0.029898834228515626 0.08822023272514343
0 0.9765496337289257 0.8434362696786212 0.047937202453613284 0.08708877563476562
0 0.9833006858825684 0.9682061195373535 0.031708145141601564 0.06280899047851562
0 0.7320750237416903 0.1296296296296296 0.03205128205128197 0.11158594491927824
0 0.046533713200379835 0.3801044634377967 0.09259259259259259 0.1187084520417854
0 0.7967711301044632 0.4899097815764482 0.08547008547008554 0.1768755935422603
0 0.8780864197530862 0.33499525166191824 0.07003798670465336 0.10921177587844255
0 0.8804605887939222 0.22281576448243115 0.024928774928774912 0.11989553656220321
0 0.8763057929724595 0.17948717948717946 0.03323836657169981 0.10921177587844255
