0 0.6293216228485108 0.5305487155914307 0.07681789398193359 0.12602453231811522
0 0.3156365633010864 0.5005495548248291 0.09260668754577636 0.11079816818237305
0 0.36463041305541993 0.2418466567993164 0.07598276138305664 0.09867801666259765
0 0.7437535762786865 0.24151322841644288 0.034469985961914064 0.09359526634216309
0 0.8799712181091308 0.2801331043243408 0.042135429382324216 0.09451966285705567
0 0.08438538610935212 0.4010926723480225 0.10098621249198914 0.11838312149047851
0 0.7092623233795166 0.4947850227355957 0.06977195739746093 0.11812000274658203
0 0.21108208298683168 0.25763521194458006 0.049938857555389404 0.1052474021911621
0 0.7731173515319825 0.9104508399963379 0.08570327758789062 0.0997995376586914
0 0.23676393032073975 0.24955403804779053 0.08599472045898438 0.12253565788269043
0 0.9175327301025391 0.5791552543640137 0.05329208374023438 0.09601249694824218
0 0.5604232311248779 0.9789217948913574 0.07494077682495118 0.039894485473632814
0 0.11653780937194824 0.2037487506866455 0.06678528785705566 0.10202484130859375
0 0.8034282445907592 0.27335376739501954 0.042006921768188474 0.10747413635253907
0 0.6689128017153836 0.1310378273101727 0.04244413375854492 0.09602558612823486
0 0.7119274139404297 0.4413551211357117 0.04835176467895508 0.10534813404083251
0 0.9571383476257325 0.17402453422546388 0.03156986236572266 0.10541176795959473
0 0.3093428373336792 0.6203514575958252 0.13608341217041015 0.11549491882324218
0 0.5339930534362793 0.897761058807373 0.09832496643066406 0.09921703338623047
0 0.9039748938108555 0.8144924291291921 0.07885360717773438 0.1299004077911377
0 0.7864001274108887 0.9844728469848633 0.047393417358398436 0.031054306030273437
0 0.9378058433532714 0.532543420791626 0.046551513671875 0.07918996810913086
0 0.6893399810066476 0.12488129154795818 0.05104463437796767 0.09971509971509969
0 0.8116096866096865 0.11419753086419751 0.04392212725546061 0.0997150997150997
0 0.8139838556505222 0.16880341880341876 0.053418803418803354 0.04748338081671417
0 0.8270417853751186 0.24358974358974356 0.046296296296296294 0.10446343779677113
0 0.8211063627730294 0.19491927825261157 0.03679962013295334 0.07359924026590692
0 0.9463437796771128 0.7783713200379867 0.07122507122507121 0.10565052231718897
0 0.9724596391263057 0.02160493827160492 0.03561253561253571 0.04273504273504273
